is_cheating,delta_yaw,delta_pitch,accel_yaw,accel_pitch,jerk_yaw,jerk_pitch,gcd_error_yaw,gcd_error_pitch,is_on_ground,is_sprinting,is_sneaking,is_using_item,player_speed_horizontal,player_fall_distance,is_attacking,ticks_since_attack
1,15.299988,-1.500000,13.199982,0.299999,2.250000,-0.600000,0.000610,0.000000,0,1,0,0,0.262302,0.000000,0,7
1,-34.049988,-1.200001,18.750000,0.299999,5.550018,0.000000,0.001373,0.000001,0,1,0,0,0.264489,0.000000,0,8
1,-17.850006,0.900000,16.199982,0.300001,-2.550018,0.000002,0.000732,0.000000,0,1,0,0,0.266253,0.000000,0,9
1,-19.049988,3.150000,1.199982,2.250000,-15.000000,1.949999,0.000763,0.000000,0,1,0,0,0.265333,0.000000,0,10
1,-6.000000,3.450001,13.049988,0.300001,11.850006,-1.949999,0.000244,0.000001,0,0,0,0,0.263803,0.000000,0,11
1,10.200012,3.600000,4.200012,0.150000,-8.849976,-0.150002,0.000427,0.000001,0,1,0,0,0.263208,0.000000,1,0
1,-3.921204,6.380354,6.278809,2.780354,2.078796,2.630354,0.021362,0.069645,0,1,0,0,0.257729,0.000000,0,1
1,16.350006,2.549999,12.428802,3.830355,6.149994,1.050001,0.000671,0.000000,0,1,0,0,0.260352,0.000000,0,2
1,4.950012,0.150002,11.399994,2.399998,-1.028809,-1.430357,0.000214,0.000002,0,1,0,0,0.255136,0.000000,0,3
1,-10.799988,2.400002,5.849976,2.250000,-5.550018,-0.149998,0.000427,0.000002,0,1,0,0,0.248301,0.000000,0,4
1,-16.799988,4.350002,6.000000,1.950001,0.150024,-0.299999,0.000671,0.000003,1,1,0,0,0.250512,0.000000,0,5
1,-7.200012,4.350002,9.599976,0.000000,3.599976,-1.950001,0.000305,0.000003,0,1,0,0,0.457523,0.000000,0,6
1,9.000000,0.450001,1.799988,3.900002,-7.799988,3.900002,0.000366,0.000001,0,1,0,0,0.274026,0.000000,0,7
1,-36.600006,4.350002,27.600006,3.900002,25.800018,0.000000,0.001495,0.000003,0,1,0,0,0.265192,0.000000,0,8
1,-27.750000,3.900002,8.850006,0.450001,-18.750000,-3.450001,0.001129,0.000002,0,1,0,0,0.263700,0.000000,0,9
1,-16.200012,2.849998,11.549988,1.050003,2.699982,0.600002,0.000671,0.000001,0,1,0,0,0.258901,0.000000,0,10
1,-9.899994,1.950001,6.300018,0.899998,-5.249969,-0.150005,0.000397,0.000001,0,0,0,0,0.252721,0.000000,0,11
1,5.399994,1.050003,4.500000,0.899998,-1.800018,0.000000,0.000214,0.000003,0,0,0,0,0.255405,0.000000,1,0
1,-15.778625,-1.877728,10.378632,0.827724,5.878632,-0.072273,0.029266,0.072272,0,1,0,0,0.251602,0.000000,0,1
1,16.200012,1.950001,0.421387,0.072273,-9.957245,-0.755451,0.000671,0.000001,0,1,0,0,0.244582,0.000000,0,2
1,12.899994,-0.750000,3.300018,1.200001,2.878632,1.127728,0.000519,0.000000,0,1,0,0,0.232822,0.000000,0,3
1,-2.250000,-1.049999,10.649994,0.299999,7.349976,-0.900002,0.000092,0.000001,0,1,0,0,0.223595,0.000000,0,4
1,-15.299988,-1.349998,13.049988,0.299999,2.399994,0.000000,0.000610,0.000001,1,1,0,0,0.211519,0.000000,0,5
1,-14.250000,-1.650002,1.049988,0.300003,-12.000000,0.000004,0.000580,0.000002,0,1,0,0,0.400779,0.000000,0,6
1,0.000000,-1.950001,14.250000,0.299999,13.200012,-0.000004,0.000000,0.000001,0,1,0,0,0.241536,0.000000,0,7
1,-28.350006,-2.250000,28.350006,0.299999,14.100006,0.000000,0.001160,0.000000,0,1,0,0,0.245517,0.000000,0,8
1,1.200012,-2.549999,27.149994,0.299999,-1.200012,0.000000,0.000061,0.000000,0,1,0,0,0.249258,0.000000,0,9
1,-12.899994,-2.849998,11.699982,0.299999,-15.450012,0.000000,0.000519,0.000001,0,1,0,0,0.251556,0.000000,0,10
1,-23.400009,-0.299999,10.500015,2.549999,-1.199966,2.250000,0.000961,0.000001,0,0,0,0,0.249276,0.000000,0,11
1,-15.449997,-1.799999,7.950012,1.500000,-2.550003,-1.049999,0.000626,0.000000,0,1,0,0,0.252150,0.000000,1,0
1,0.189758,1.386654,15.260239,0.413345,7.310226,-1.086655,0.039764,0.036654,0,1,0,0,0.242513,0.000000,0,1
1,10.949997,-2.250000,10.760239,0.863346,-4.500000,0.450001,0.000443,0.000000,0,1,0,0,0.242087,0.000000,0,2
1,16.800003,-2.250000,5.850006,0.000000,-4.910233,-0.863346,0.000687,0.000000,0,0,0,0,0.214583,0.000000,0,3
1,7.049988,-3.750000,9.750015,1.500000,3.900009,1.500000,0.000275,0.000001,0,0,0,0,0.177394,0.000000,0,4
1,-9.000000,-4.350002,1.950012,0.600002,-7.800003,-0.899998,0.000366,0.000003,1,0,0,0,0.146789,0.000000,0,5
1,-16.949997,-3.000000,7.949997,1.350002,5.999985,0.750000,0.000687,0.000000,0,0,0,0,0.064527,0.000000,0,6
1,-9.149994,-4.350000,7.800003,1.350000,-0.149994,-0.000002,0.000366,0.000001,0,1,0,0,0.031275,0.000000,0,7
1,-26.100006,-2.700001,16.950012,1.650000,9.150009,0.299999,0.001068,0.000001,0,1,0,0,0.041028,0.000000,0,8
1,4.800003,-3.300001,21.300003,0.600000,4.349991,-1.049999,0.000198,0.000002,0,1,0,0,0.060608,0.000000,0,9
1,-11.100006,-2.400000,6.300003,0.900002,-15.000000,0.300001,0.000458,0.000000,0,1,0,0,0.078652,0.000000,0,10
1,-16.949997,-4.200001,5.849991,1.800001,-0.450012,0.900000,0.000687,0.000001,0,0,0,0,0.093475,0.000000,0,11
1,-11.550003,0.000000,5.399994,4.200001,-0.449997,2.400000,0.000473,0.000000,0,0,0,0,0.091074,0.000000,1,0
1,41.711487,1.713509,30.161484,1.713509,24.761490,-2.486492,0.013184,0.063509,0,1,0,0,0.100775,0.000000,0,1
1,2.399994,-3.600000,39.311493,1.886492,9.150009,0.172983,0.000092,0.000001,0,0,0,0,0.110066,0.000000,0,2
1,15.449997,-3.450001,13.050003,0.150000,-26.261490,-1.736492,0.000626,0.000001,0,0,0,0,0.125424,0.000000,0,3
1,14.250000,-0.900000,1.199997,2.550001,-11.850006,2.400002,0.000580,0.000000,0,0,0,0,0.133589,0.000000,0,4
1,0.000000,0.900000,14.250000,0.000000,13.050003,-2.550001,0.000000,0.000000,1,1,0,0,0.141059,0.000000,0,5
1,-14.250000,-2.550000,14.250000,1.650001,0.000000,1.650001,0.000580,0.000001,0,1,0,0,0.380492,0.000000,0,6
1,-15.449997,-0.300000,1.199997,2.250000,-13.050003,0.599999,0.000626,0.000000,0,1,0,0,0.231514,0.000000,0,7
1,10.800003,-1.950000,4.649994,1.650000,3.449997,-0.600000,0.000443,0.000001,0,1,0,0,0.236190,0.000000,0,8
1,25.500000,2.250000,14.699997,0.300000,10.050003,-1.350000,0.001038,0.000001,0,1,0,0,0.240141,0.000000,0,9
1,12.150009,2.550000,13.349991,0.300000,-1.350006,-0.000000,0.000504,0.000001,0,1,0,0,0.242246,0.000000,0,10
1,-4.199997,2.850000,7.950012,0.300000,-5.399979,0.000000,0.000168,0.000001,0,0,0,0,0.245214,0.000000,0,11
1,-9.300003,3.150000,5.100006,0.299999,-2.850006,-0.000001,0.000381,0.000000,0,1,0,0,0.243839,0.000000,1,0
1,2.412903,2.973513,6.887100,0.176487,1.787094,-0.123512,0.013000,0.026487,0,0,0,0,0.218091,0.000000,0,1
1,-6.899994,2.100000,4.487091,0.873512,-2.400009,0.697025,0.000275,0.000001,0,1,0,0,0.180835,0.000000,0,2
1,9.149994,3.750000,2.250000,1.650000,-2.237091,0.776487,0.000366,0.000001,0,1,0,0,0.164005,0.000000,0,3
1,16.950012,2.400000,7.800018,1.350000,5.550018,-0.299999,0.000702,0.000000,0,1,0,0,0.144687,0.000000,0,4
1,9.000000,1.500000,7.950012,0.900000,0.149994,-0.450001,0.000366,0.000000,1,1,0,0,0.127862,0.000000,0,5
1,-7.049988,2.400000,1.950012,0.900000,-6.000000,0.000000,0.000275,0.000000,0,1,0,0,0.380568,0.000000,0,6
1,-16.800003,3.750000,9.750015,1.350000,7.800003,0.450001,0.000687,0.000001,0,1,0,0,0.231482,0.000000,0,7
1,-2.399994,2.700001,14.400009,1.049999,4.649994,-0.300001,0.000092,0.000001,0,1,0,0,0.235169,0.000000,0,8
1,13.199997,1.500000,10.800003,1.200001,-3.600006,0.150002,0.000534,0.000000,0,1,0,0,0.236554,0.000000,0,9
1,9.750000,2.400002,3.449997,0.900002,-7.350006,-0.299999,0.000397,0.000002,0,1,0,0,0.236297,0.000000,0,10
1,-5.549988,2.400002,4.200012,0.000000,0.750015,-0.900002,0.000214,0.000002,0,0,0,0,0.238191,0.000000,0,11
1,-18.750000,3.299999,13.200012,0.899998,9.000000,0.899998,0.000763,0.000000,0,1,0,0,0.233364,0.000000,1,0
1,0.283569,2.311531,18.466431,0.988468,5.266418,0.088470,0.016418,0.061531,0,1,0,0,0.232348,0.000000,0,1
1,-14.100006,0.900002,13.816437,1.411530,-4.649994,0.423061,0.000580,0.000002,0,1,0,0,0.236921,0.000000,0,2
1,0.149994,0.150002,13.950012,0.750000,0.133575,-0.661530,0.000000,0.000002,0,1,0,0,0.241199,0.000000,0,3
1,14.250000,0.000000,14.100006,0.150002,0.149994,-0.599998,0.000580,0.000000,0,1,0,0,0.239505,0.000000,0,4
1,15.299988,2.400002,1.049988,2.400002,-13.050018,2.250000,0.000610,0.000002,1,1,0,0,0.241909,0.000000,0,5
1,2.100006,2.849998,13.199982,0.449997,12.149994,-1.950005,0.000092,0.000001,0,1,0,0,0.541927,0.000000,0,6
1,-12.899994,1.049999,10.799988,1.799999,-2.399994,1.350002,0.000519,0.000001,0,1,0,0,0.320007,0.000000,0,7
1,-37.800003,-1.500000,24.900009,0.450001,14.100021,-1.349998,0.001541,0.000000,0,1,0,0,0.306224,0.000000,0,8
1,-38.550003,-1.799999,0.750000,0.299999,-24.150009,-0.150002,0.001572,0.000000,0,1,0,0,0.297471,0.000000,0,9
1,-5.100006,0.299999,33.449997,1.500000,32.699997,1.200001,0.000214,0.000001,0,1,0,0,0.289053,0.000000,0,10
1,-5.550003,0.299999,0.449997,0.000000,-33.000000,-1.500000,0.000229,0.000001,0,0,0,0,0.280849,0.000000,0,11
1,-18.600006,-0.299999,13.050003,0.000000,12.600006,0.000000,0.000763,0.000001,0,1,0,0,0.279866,0.000000,1,0
1,-3.738602,-3.117451,14.861404,2.817451,1.811401,2.817451,0.011246,0.032549,0,1,0,0,0.263605,0.000000,0,1
1,-16.950005,-1.200001,13.211403,1.917450,-1.650002,-0.900002,0.000694,0.000001,0,1,0,0,0.246393,0.000000,0,2
1,-8.849998,-0.299999,8.100006,0.900002,-5.111397,-1.017448,0.000359,0.000001,0,1,0,0,0.210103,0.000000,0,3
1,7.199997,-3.750000,1.650002,3.450001,-6.450005,2.549999,0.000290,0.000001,0,1,0,0,0.167257,0.000000,0,4
1,16.800003,-4.049999,9.600006,0.299999,7.950005,-3.150002,0.000687,0.000000,1,0,0,0,0.133831,0.000000,0,5
1,10.800003,-4.200001,6.000000,0.150002,-3.600006,-0.149998,0.000443,0.000001,0,0,0,0,0.036630,0.000000,0,6
1,-4.949997,-4.200001,5.850006,0.000000,-0.149994,-0.150002,0.000198,0.000001,0,1,0,0,0.019092,0.000000,0,7
1,-37.950005,-2.549999,33.000008,1.650002,27.150002,1.650002,0.001549,0.000000,0,1,0,0,0.033193,0.000000,0,8
1,-19.050003,-2.400000,18.900002,0.150000,-14.100006,-1.500002,0.000778,0.000000,0,1,0,0,0.052097,0.000000,0,9
1,15.300003,-4.350000,3.750000,1.950001,-15.150002,1.800001,0.000626,0.000001,0,1,0,0,0.073222,0.000000,0,10
1,13.349998,-4.350000,1.950005,0.000000,-1.799995,-1.950001,0.000542,0.000001,0,0,0,0,0.092457,0.000000,0,11
1,3.000000,-2.700001,10.349998,1.650000,8.399994,1.650000,0.000122,0.000001,0,1,0,0,0.105738,0.000000,1,0
1,-0.766586,1.613821,2.233414,1.086180,-8.116585,-0.563820,0.016617,0.036179,0,1,0,0,0.115573,0.000000,0,1
1,-14.400002,-0.900000,13.633415,0.713821,11.400002,-0.372358,0.000587,0.000000,0,1,0,0,0.124779,0.000000,0,2
1,-15.300003,-2.850000,0.900002,1.950001,-12.733414,1.236179,0.000626,0.000001,0,1,0,0,0.137706,0.000000,0,3
1,-1.949997,-3.750000,13.350006,0.900000,12.450005,-1.050001,0.000076,0.000001,0,1,0,0,0.150086,0.000000,0,4
1,13.050003,-2.400001,11.100006,1.349999,-2.250000,0.450000,0.000534,0.000001,1,1,0,0,0.159972,0.000000,0,5
1,16.200005,-3.300000,3.150002,0.900000,-7.950005,-0.450000,0.000664,0.000001,0,1,0,0,0.451477,0.000000,0,6
1,4.349998,0.900000,11.850006,2.400000,8.700005,1.500000,0.000175,0.000000,0,1,0,0,0.271122,0.000000,0,7
1,15.750008,-1.350000,11.400009,0.450000,-0.449997,-1.950000,0.000648,0.000000,0,1,0,0,0.271919,0.000000,0,8
1,0.449997,1.500000,15.300011,0.150000,3.900002,-0.300000,0.000015,0.000000,0,1,0,0,0.272831,0.000000,0,9
1,18.000000,1.800000,17.550003,0.300000,2.249992,0.150000,0.000732,0.000000,0,1,0,0,0.274143,0.000000,0,10
1,25.650009,2.100000,7.650009,0.300000,-9.899994,0.000000,0.001053,0.000001,0,0,0,0,0.272046,0.000000,0,11
1,18.000000,2.400001,7.650009,0.300000,0.000000,0.000000,0.000732,0.000001,0,1,0,0,0.273036,0.000000,1,0
1,-27.246948,11.515367,9.246948,9.115366,1.596939,8.815366,0.051941,0.034632,0,1,0,0,0.267455,0.000000,0,1
1,-7.350006,-0.900000,19.896942,10.615367,10.649994,1.500001,0.000305,0.000000,0,1,0,0,0.258763,0.000000,0,2
1,-16.800003,1.350000,9.449997,0.450001,-10.446945,-10.165366,0.000687,0.000001,0,1,0,0,0.257041,0.000000,0,3
1,-10.800003,3.600000,6.000000,2.250000,-3.449997,1.799999,0.000443,0.000001,0,1,0,0,0.258021,0.000000,0,4
1,5.100006,0.450001,5.699997,3.150000,-0.300003,0.900000,0.000214,0.000001,1,1,0,0,0.258444,0.000000,0,5
1,16.350006,3.900000,11.250000,3.449999,5.550003,0.299999,0.000671,0.000000,0,1,0,0,0.534081,0.000000,0,6
1,12.449997,4.049999,3.900009,0.150000,-7.349991,-3.299999,0.000504,0.000000,0,1,0,0,0.314358,0.000000,0,7
1,33.150009,0.750000,20.700012,3.299999,16.800003,3.150000,0.001358,0.000000,0,1,0,0,0.300039,0.000000,0,8
1,26.250000,1.349998,6.900009,0.599998,-13.800003,-2.700001,0.001068,0.000001,0,1,0,0,0.294483,0.000000,0,9
1,13.350006,1.349998,12.899994,0.000000,5.999985,-0.599998,0.000549,0.000001,0,1,0,0,0.286556,0.000000,0,10
1,24.750000,2.099998,11.399994,0.750000,-1.500000,0.750000,0.001007,0.000001,0,0,0,0,0.271858,0.000000,0,11
1,21.600006,2.400002,3.149994,0.300003,-8.250000,-0.449997,0.000885,0.000002,0,1,0,0,0.267715,0.000000,1,0
1,-9.851318,-0.226540,11.748688,2.173462,8.598694,1.873459,0.048279,0.073460,0,1,0,0,0.250985,0.000000,0,1
1,1.950012,1.200001,7.901306,0.973461,-3.847382,-1.200001,0.000092,0.000001,0,1,0,0,0.239271,0.000000,0,2
1,-13.049988,2.099998,11.099976,0.899998,3.198669,-0.073463,0.000519,0.000001,0,1,0,0,0.235496,0.000000,0,3
1,-16.050003,3.750000,3.000015,1.650002,-8.099960,0.750004,0.000656,0.000001,0,1,0,0,0.222877,0.000000,0,4
1,-4.199997,-0.150002,11.850006,3.599998,8.849991,1.949997,0.000168,0.000002,1,1,0,0,0.215579,0.000000,0,5
1,11.399994,-0.299999,7.199997,0.149998,-4.650009,-3.450001,0.000458,0.000001,0,1,0,0,0.439343,0.000000,0,6
1,16.649994,-0.599998,5.250000,0.299999,-1.949997,0.150002,0.000671,0.000001,0,1,0,0,0.259603,0.000000,0,7
1,38.100006,0.150002,21.450012,0.449997,16.200012,0.149998,0.001556,0.000002,0,1,0,0,0.258962,0.000000,0,8
1,2.549988,0.299999,35.550018,0.149998,14.100006,-0.299999,0.000092,0.000001,0,1,0,0,0.258460,0.000000,0,9
1,-1.049988,0.000000,1.500000,0.299999,-34.050018,0.150002,0.000031,0.000000,0,1,0,0,0.258774,0.000000,0,10
1,12.600006,-1.049999,11.550018,1.049999,10.050018,0.750000,0.000519,0.000001,0,0,0,0,0.256902,0.000000,0,11
1,19.500000,0.000000,6.899994,1.049999,-4.650024,0.000000,0.000793,0.000000,0,1,0,0,0.259071,0.000000,1,0
1,-2.316772,-0.633507,17.183228,0.633507,10.283234,-0.416492,0.066864,0.033507,0,1,0,0,0.249252,0.000000,0,1
1,10.649994,-1.349998,8.333221,0.716492,-8.850006,0.082985,0.000427,0.000001,0,1,0,0,0.242149,0.000000,0,2
1,-5.250000,0.150002,5.399994,1.199997,-2.933228,0.483505,0.000214,0.000002,0,1,0,0,0.239119,0.000000,0,3
1,-16.350006,-2.400002,11.100006,2.250000,5.700012,1.050003,0.000671,0.000002,0,1,0,0,0.241369,0.000000,0,4
1,-12.450012,-3.450001,3.899994,1.049999,-7.200012,-1.200001,0.000519,0.000001,1,1,0,0,0.235152,0.000000,0,5
1,3.000000,-3.750000,9.450012,0.299999,5.550018,-0.750000,0.000122,0.000001,0,1,0,0,0.487127,0.000000,0,6
1,15.600006,-3.150002,12.600006,0.599998,3.149994,0.299999,0.000641,0.000002,0,1,0,0,0.286942,0.000000,0,7
1,37.800018,-1.950001,22.200012,1.200001,9.600006,0.600002,0.001556,0.000001,0,1,0,0,0.284725,0.000000,0,8
1,11.549988,-1.049999,26.250031,0.900002,4.050018,-0.299999,0.000458,0.000001,0,1,0,0,0.280746,0.000000,0,9
1,-6.600006,-2.550001,4.949982,1.500002,-21.300049,0.600000,0.000275,0.000002,0,1,0,0,0.279164,0.000000,0,10
1,3.000000,-3.450001,3.600006,0.900000,-1.349976,-0.600002,0.000122,0.000001,0,0,0,0,0.277599,0.000000,0,11
1,16.200012,-4.350000,13.200012,0.900000,9.600006,0.000000,0.000671,0.000001,0,1,0,0,0.278009,0.000000,1,0
1,3.171204,0.253965,13.028809,4.096035,-0.171204,3.196035,0.021332,0.046035,0,1,0,0,0.267807,0.000000,0,1
1,16.049988,-4.350000,12.878784,4.096035,-0.150024,0.000000,0.000641,0.000001,0,1,0,0,0.258865,0.000000,0,2
1,4.049988,-4.200001,12.000000,0.150000,-0.878784,-3.946035,0.000153,0.000001,0,1,0,0,0.251029,0.000000,0,3
1,-11.549988,-0.150000,7.500000,4.050001,-4.500000,3.900002,0.000458,0.000000,0,1,0,0,0.249039,0.000000,0,4
1,-16.649994,0.000000,5.100006,0.150000,-2.399994,-3.900002,0.000671,0.000000,1,1,0,0,0.238868,0.000000,0,5
1,-6.299988,-3.000000,10.350006,3.000000,5.250000,2.850000,0.000244,0.000000,0,1,0,0,0.491473,0.000000,0,6
1,9.750000,-3.000000,3.450012,0.000000,-6.899994,-3.000000,0.000397,0.000000,0,1,0,0,0.290644,0.000000,0,7
1,30.899994,-2.700000,21.149994,0.300000,17.699982,0.300000,0.001251,0.000001,0,1,0,0,0.278613,0.000000,0,8
1,33.149994,0.750000,2.250000,1.950000,-18.899994,1.650001,0.001343,0.000000,0,1,0,0,0.273338,0.000000,0,9
1,4.950012,1.050000,28.199982,0.300000,25.949982,-1.650001,0.000214,0.000000,0,1,0,0,0.250680,0.000000,0,10
1,-3.149994,1.350000,1.800018,0.300001,-26.399963,0.000001,0.000122,0.000001,0,0,0,0,0.234076,0.000000,0,11
1,11.700012,1.650001,8.550018,0.300000,6.750000,-0.000000,0.000488,0.000001,0,1,0,0,0.213009,0.000000,1,0
1,11.031036,11.978268,0.668976,10.328267,-7.881042,10.028267,0.068512,0.021730,0,1,0,0,0.192724,0.000000,0,1
1,16.500000,-1.500000,5.468964,10.478268,4.799988,0.150001,0.000671,0.000000,0,1,0,0,0.189039,0.000000,0,2
1,12.299988,-1.200001,4.200012,0.299999,-1.268951,-10.178268,0.000488,0.000001,0,1,0,0,0.183677,0.000000,0,3
1,-3.150024,2.400000,9.149963,1.199999,4.949951,0.900000,0.000153,0.000000,0,1,0,0,0.182774,0.000000,0,4
1,-15.750000,-0.299999,12.599976,2.100000,3.450012,0.900002,0.000641,0.000001,1,1,0,0,0.188447,0.000000,0,5
1,-13.799988,-0.450001,1.950012,0.150002,-10.649963,-1.949999,0.000549,0.000001,0,1,0,0,0.437564,0.000000,0,6
1,0.750000,-0.150000,13.049988,0.300001,11.099976,0.150000,0.000031,0.000000,0,1,0,0,0.250715,0.000000,0,7
1,39.750000,3.300001,39.000000,3.150002,25.950012,2.850000,0.001617,0.000002,0,1,0,0,0.243636,0.000000,0,8
1,9.900024,3.000000,29.849976,0.300001,-9.150024,-2.850000,0.000427,0.000000,0,1,0,0,0.235466,0.000000,0,9
1,-13.349976,0.600000,3.449951,2.400000,-26.400024,2.099998,0.000519,0.000000,0,1,0,0,0.240227,0.000000,0,10
1,-15.000000,0.299999,1.650024,0.300001,-1.799927,-2.099998,0.000610,0.000001,0,0,0,0,0.243431,0.000000,0,11
1,4.950012,3.900002,10.049988,3.600002,8.399963,3.300001,0.000214,0.000002,0,0,0,0,0.236572,0.000000,1,0
1,62.657959,-3.349470,57.707947,0.550531,47.657959,-3.049471,0.039490,0.049471,0,0,0,0,0.234526,0.000000,0,1
1,11.700012,0.450001,50.957947,2.899469,-6.750000,2.348938,0.000488,0.000001,0,0,0,0,0.231690,0.000000,0,2
1,16.650024,4.199999,4.950012,3.749998,-46.007935,0.850529,0.000702,0.000000,0,1,0,0,0.226804,0.000000,0,3
1,6.299988,0.299999,10.350037,3.900000,5.400024,0.150002,0.000244,0.000001,0,1,0,0,0.208987,0.000000,0,4
1,-9.750000,0.150002,3.450012,0.149998,-6.900024,-3.750002,0.000397,0.000002,1,1,0,0,0.200536,0.000000,0,5
1,-16.950012,0.000000,7.200012,0.150002,3.750000,0.000004,0.000702,0.000000,0,1,0,0,0.371701,0.000000,0,6
1,-8.400024,0.000000,8.549988,0.000000,1.349976,-0.150002,0.000366,0.000000,0,1,0,0,0.214842,0.000000,0,7
1,38.250000,-0.299999,29.849976,0.299999,21.299988,0.299999,0.001556,0.000001,0,1,0,0,0.211853,0.000000,0,8
1,22.200012,3.000000,16.049988,2.700001,-13.799988,2.400002,0.000916,0.000000,0,1,0,0,0.203080,0.000000,0,9
1,-6.299988,-0.750000,15.900024,2.250000,-0.149963,-0.450001,0.000244,0.000000,0,1,0,0,0.199985,0.000000,0,10
1,-16.049988,1.950001,9.750000,1.200001,-6.150024,-1.049999,0.000641,0.000001,0,0,0,0,0.203522,0.000000,0,11
1,-10.950012,0.000000,5.099976,1.950001,-4.650024,0.750000,0.000458,0.000000,0,1,0,0,0.185205,0.000000,1,0
1,8.991638,0.819138,1.958374,0.819138,-3.141602,-1.130863,0.007996,0.069138,0,1,0,0,0.186015,0.000000,0,1
1,3.150024,-0.450001,5.841614,0.369137,3.883240,-0.450001,0.000153,0.000001,0,1,0,0,0.192021,0.000000,0,2
1,15.750000,0.450001,12.599976,0.000000,6.758362,-0.369137,0.000641,0.000001,0,1,0,0,0.173813,0.000000,0,3
1,13.650024,-2.549999,2.099976,2.099998,-10.500000,2.099998,0.000580,0.000000,0,1,0,0,0.147650,0.000000,0,4
1,-0.900024,-2.849998,12.750000,0.299999,10.650024,-1.799999,0.000061,0.000001,0,1,0,0,0.127728,0.000000,0,5
1,-14.700012,-3.150000,13.799988,0.300001,1.049988,0.000002,0.000610,0.000000,1,1,0,0,0.108337,0.000000,0,6
1,-15.000000,-3.450001,0.299988,0.300001,-13.500000,0.000000,0.000610,0.000001,0,1,0,0,0.233926,0.000000,0,7
1,4.049988,-1.200001,10.950012,2.250000,10.650024,1.949999,0.000153,0.000001,0,1,0,0,0.152761,0.000000,0,8
1,5.099976,-2.400000,1.049988,1.199999,-9.900024,-1.050001,0.000183,0.000000,0,1,0,0,0.163768,0.000000,0,9
1,-2.400024,-1.650000,2.699951,0.750000,1.649963,-0.449999,0.000122,0.000000,0,1,0,0,0.174375,0.000000,0,10
1,-13.349976,-2.400000,10.949951,0.750000,8.250000,0.000000,0.000519,0.000000,0,1,0,0,0.184674,0.000000,0,11
1,-15.750000,-1.350000,2.400024,1.049999,-8.549927,0.299999,0.000641,0.000001,0,0,0,0,0.193066,0.000000,0,12
1,-5.099976,-4.350000,10.650024,3.000000,8.250000,1.950001,0.000183,0.000001,0,1,0,0,0.199049,0.000000,1,0
1,-0.036316,-4.339784,5.063660,0.010217,-5.586365,-2.989783,0.036316,0.010216,0,1,0,0,0.199697,0.000000,0,1
1,9.900024,-1.650001,9.863708,2.689783,4.800049,2.679566,0.000427,0.000001,0,1,0,0,0.207317,0.000000,0,2
1,16.950012,-0.750000,7.049988,0.900001,-2.813721,-1.789783,0.000702,0.000000,0,1,0,0,0.209434,0.000000,0,3
1,8.250000,-0.300000,8.700012,0.450000,1.650024,-0.450001,0.000336,0.000000,0,1,0,0,0.213940,0.000000,0,4
1,-7.950012,-1.500000,0.299988,1.200000,-8.400024,0.750000,0.000336,0.000000,1,1,0,0,0.217103,0.000000,0,5
1,-16.799988,-4.050000,8.849976,2.550000,8.549988,1.350000,0.000671,0.000001,0,1,0,0,0.070954,0.000000,0,6
1,-10.200012,0.000000,6.599976,4.050000,-2.250000,1.500000,0.000427,0.000000,0,1,0,0,0.032059,0.000000,0,7
1,-8.700012,0.300000,1.500000,0.300000,-5.099976,-3.750000,0.000366,0.000000,0,1,0,0,0.053287,0.000000,0,8
1,10.349976,0.450000,1.649963,0.150000,0.149963,-0.150000,0.000397,0.000000,0,1,0,0,0.072719,0.000000,0,9
1,-5.400024,-0.300000,4.949951,0.150000,3.299988,0.000000,0.000244,0.000000,0,1,0,0,0.091780,0.000000,0,10
1,-15.599976,1.050000,10.199951,0.750000,5.250000,0.600000,0.000610,0.000000,0,0,0,0,0.109366,0.000000,0,11
1,-12.150024,1.350000,3.449951,0.300000,-6.750000,-0.450000,0.000519,0.000000,0,1,0,0,0.113528,0.000000,1,0
1,21.180176,23.270115,9.030151,21.920115,5.580200,21.620115,0.031036,0.020119,0,1,0,0,0.122732,0.000000,0,1
1,1.049988,1.950001,20.130188,21.320114,11.100037,-0.600000,0.000031,0.000001,0,1,0,0,0.137085,0.000000,0,2
1,14.849976,1.950001,13.799988,0.000000,-6.330200,-21.320114,0.000580,0.000001,0,1,0,0,0.148558,0.000000,0,3
1,14.849976,1.650002,0.000000,0.299999,-13.799988,0.299999,0.000580,0.000002,0,1,0,0,0.156869,0.000000,0,4
1,1.200012,-1.049999,13.649963,0.600002,13.649963,0.300003,0.000061,0.000001,1,1,0,0,0.165379,0.000000,0,5
1,-13.500000,1.200001,12.299988,0.150002,-1.349976,-0.450001,0.000549,0.000001,0,0,0,0,0.371907,0.000000,0,6
1,-15.900024,3.000000,2.400024,1.799999,-9.899963,1.649998,0.000671,0.000000,0,1,0,0,0.209101,0.000000,0,7
1,31.049988,3.599998,15.149963,0.599998,12.749939,-1.200001,0.001251,0.000001,0,1,0,0,0.182154,0.000000,0,8
1,25.950012,1.799999,5.099976,1.799999,-10.049988,1.200001,0.001068,0.000000,0,1,0,0,0.156057,0.000000,0,9
1,9.900024,0.450001,16.049988,1.349998,10.950012,-0.450001,0.000427,0.000001,0,1,0,0,0.131979,0.000000,0,10
1,-5.549988,4.200001,4.350037,3.750000,-11.699951,2.400002,0.000214,0.000001,0,1,0,0,0.149252,0.000000,0,11
1,-10.500000,3.450001,4.950012,0.750000,0.599976,-3.000000,0.000427,0.000001,0,1,0,0,0.112279,0.000000,0,12
1,0.000000,4.350002,10.500000,0.900002,5.549988,0.150002,0.000000,0.000003,0,0,0,0,0.080100,0.000000,0,13
1,16.650024,1.500000,16.650024,2.850002,6.150024,1.950001,0.000702,0.000000,0,1,0,0,0.080561,0.000000,1,0
1,-1.619812,1.841366,15.030212,0.341366,-1.619812,-2.508636,0.030121,0.041366,0,1,0,0,0.069003,0.000000,0,1
1,16.950012,3.450001,15.330200,1.608635,0.299988,1.267269,0.000702,0.000001,0,1,0,0,0.072987,0.000000,0,2
1,10.200012,3.000000,6.750000,0.450001,-8.580200,-1.158634,0.000427,0.000000,0,1,0,0,0.086292,0.000000,0,3
1,-5.849976,2.099998,4.350037,0.900002,-2.399963,0.450001,0.000214,0.000001,0,1,0,0,0.099838,0.000000,0,4
1,-16.500000,0.000000,10.650024,2.099998,6.299988,1.199997,0.000671,0.000000,1,1,0,0,0.110261,0.000000,0,5
1,-12.000000,0.000000,4.500000,0.000000,-6.150024,-2.099998,0.000488,0.000000,0,1,0,0,0.343598,0.000000,0,6
1,3.450012,-0.150002,8.549988,0.150002,4.049988,0.150002,0.000153,0.000002,0,1,0,0,0.212879,0.000000,0,7
1,-9.000000,-0.449997,5.549988,0.299995,-3.000000,0.149994,0.000366,0.000003,0,1,0,0,0.188744,0.000000,0,8
1,-10.349976,-0.750000,1.349976,0.300003,-4.200012,0.000008,0.000397,0.000000,0,1,0,0,0.161200,0.000000,0,9
1,-22.799988,-1.049999,12.450012,0.299999,11.100037,-0.000004,0.000916,0.000001,0,1,0,0,0.130504,0.000000,0,10
1,-22.349976,-1.349998,0.450012,0.299999,-12.000000,0.000000,0.000885,0.000001,0,1,0,0,0.098129,0.000000,0,11
1,-7.500000,-1.650002,14.849976,0.300003,14.399963,0.000004,0.000305,0.000002,0,1,0,0,0.069412,0.000000,0,12
1,8.849976,-1.950001,1.349976,0.299999,-13.500000,-0.000004,0.000336,0.000001,0,0,0,0,0.038388,0.000000,0,13
1,14.400024,-2.250000,5.550049,0.299999,4.200073,0.000000,0.000610,0.000000,0,0,0,0,0.030531,0.000000,1,0
1,17.672241,-16.662342,3.272217,14.412342,-2.277832,14.112343,0.027039,0.012345,0,0,0,0,0.032791,0.000000,0,1
1,3.450012,-0.150002,14.222229,16.512341,10.950012,2.099998,0.000153,0.000002,0,1,0,0,0.042891,0.000000,0,2
1,-12.000000,-1.049999,8.549988,0.899998,-5.672241,-15.612343,0.000488,0.000001,0,1,0,0,0.049434,0.000000,0,3
1,-16.500000,-1.049999,4.500000,0.000000,-4.049988,-0.899998,0.000671,0.000001,0,1,0,0,0.068497,0.000000,0,4
1,-5.849976,-3.599998,10.650024,2.549999,6.150024,2.549999,0.000214,0.000001,0,1,0,0,0.087764,0.000000,0,5
1,10.200012,-3.900000,4.350037,0.300001,-6.299988,-2.249998,0.000427,0.000000,1,1,0,0,0.104641,0.000000,0,6
1,16.950012,-4.050001,6.750000,0.150002,2.399963,-0.150000,0.000702,0.000002,0,1,0,0,0.108312,0.000000,0,7
1,2.549988,-0.150000,14.400024,3.900002,7.650024,3.750000,0.000092,0.000000,0,1,0,0,0.073499,0.000000,0,8
1,-16.200012,-2.700001,13.650024,2.550001,-0.750000,-1.350000,0.000671,0.000001,0,1,0,0,0.090113,0.000000,0,9
1,-8.700012,-0.299999,7.500000,2.400002,-6.150024,-0.150000,0.000366,0.000001,0,1,0,0,0.107415,0.000000,0,10
1,7.500000,-2.100000,1.200012,1.800001,-6.299988,-0.600000,0.000305,0.000001,0,1,0,0,0.122722,0.000000,0,11
1,20.849976,-4.350000,13.349976,2.250000,12.149963,0.449999,0.000824,0.000001,0,0,0,0,0.133763,0.000000,0,12
1,15.900024,-2.550000,4.949951,1.800000,-8.400024,-0.450000,0.000671,0.000001,0,1,0,0,0.124246,0.000000,1,0
1,-1.387451,-1.571856,14.512573,0.978144,9.562622,-0.821856,0.037506,0.071857,0,1,0,0,0.130451,0.000000,0,1
1,-3.750000,-1.950000,2.362549,0.378143,-12.150024,-0.600000,0.000153,0.000000,0,1,0,0,0.142913,0.000000,0,2
1,-15.900024,-0.150000,12.150024,1.800000,9.787476,1.421857,0.000671,0.000000,0,1,0,0,0.156009,0.000000,0,3
1,-13.500000,0.000000,2.400024,0.150000,-9.750000,-1.650001,0.000549,0.000000,0,1,0,0,0.167596,0.000000,0,4
1,1.349976,-0.300000,12.150024,0.300000,9.750000,0.150001,0.000031,0.000000,1,1,0,0,0.178319,0.000000,0,5
1,14.849976,-3.450000,13.500000,3.150000,1.349976,2.850000,0.000580,0.000001,0,1,0,0,0.151649,0.000000,0,6
1,14.700012,0.600000,0.149963,2.850000,-13.350037,-0.300000,0.000610,0.000000,0,1,0,0,0.108604,0.000000,0,7
1,-22.650024,-2.850000,7.950012,2.250000,7.800049,-0.600000,0.000946,0.000001,0,1,0,0,0.123979,0.000000,0,8
1,-30.150024,-2.550000,7.500000,0.300000,-0.450012,-1.950000,0.001251,0.000001,0,1,0,0,0.132963,0.000000,0,9
1,-14.400024,1.500000,15.750000,1.050000,8.250000,0.750000,0.000610,0.000000,0,1,0,0,0.139162,0.000000,0,10
1,2.700012,1.800000,11.700012,0.300000,-4.049988,-0.750000,0.000122,0.000000,0,0,0,0,0.112105,0.000000,0,11
1,8.400024,2.100000,5.700012,0.300000,-6.000000,0.000001,0.000366,0.000001,0,1,0,0,0.079598,0.000000,1,0
1,-3.900146,9.991997,4.499878,7.891996,-1.200134,7.591996,0.000305,0.058002,0,1,0,0,0.068755,0.000000,0,1
1,5.700012,2.850000,1.799866,7.141996,-2.700012,-0.750000,0.000244,0.000001,0,1,0,0,0.069139,0.000000,0,2
1,-10.349976,3.000000,4.649963,0.150000,2.850098,-6.991997,0.000397,0.000000,0,1,0,0,0.074051,0.000000,0,3
1,-16.799988,3.300001,6.450012,0.300001,1.800049,0.150002,0.000671,0.000002,0,1,0,0,0.079394,0.000000,0,4
1,-7.799988,2.550001,9.000000,0.750000,2.549988,0.449999,0.000305,0.000002,1,1,0,0,0.087653,0.000000,0,5
1,8.250000,0.900000,0.450012,1.650002,-8.549988,0.900002,0.000336,0.000000,0,1,0,0,0.131012,0.000000,0,6
1,16.950012,4.050001,8.700012,3.150002,8.250000,1.500000,0.000702,0.000002,0,1,0,0,0.088218,0.000000,0,7
1,0.000000,1.799999,16.950012,2.250002,8.250000,-0.900000,0.000000,0.000000,0,1,0,0,0.100804,0.000000,0,8
1,-17.700012,0.299999,17.700012,1.500000,0.750000,-0.750002,0.000732,0.000001,0,0,0,0,0.110036,0.000000,0,9
1,-17.400024,4.350002,0.299988,4.050003,-17.400024,2.550003,0.000732,0.000003,0,0,0,0,0.097817,0.000000,0,10
1,-8.250000,4.350002,9.150024,0.000000,8.850037,-4.050003,0.000336,0.000003,0,0,0,0,0.089104,0.000000,0,11
1,1.200012,2.549999,7.049988,1.800003,-2.100037,1.800003,0.000061,0.000000,0,0,0,0,0.085961,0.000000,1,0
1,-1.529663,2.449932,0.329651,0.100067,-6.720337,-1.699936,0.029724,0.049932,0,0,0,0,0.086701,0.000000,0,1
1,13.349976,1.950001,11.820313,0.499931,11.490662,0.399864,0.000519,0.000001,0,0,0,0,0.093782,0.000000,0,2
1,-1.500000,0.150002,11.849976,1.799999,0.029663,1.300068,0.000061,0.000002,0,0,0,0,0.101504,0.000000,0,3
1,-15.000000,0.150002,13.500000,0.000000,1.650024,-1.799999,0.000610,0.000002,0,0,0,0,0.106877,0.000000,0,4
1,-14.700012,0.000000,0.299988,0.150002,-13.200012,0.150002,0.000610,0.000000,1,1,0,0,0.110102,0.000000,0,5
1,-0.750000,-0.150002,13.950012,0.150002,13.650024,0.000000,0.000031,0.000002,0,1,0,0,0.090589,0.000000,0,6
1,13.799988,-0.450001,13.049988,0.299999,-0.900024,0.149998,0.000549,0.000001,0,1,0,0,0.075294,0.000000,0,7
1,11.700012,1.500000,2.099976,1.049999,-10.950012,0.750000,0.000488,0.000000,0,1,0,0,0.094399,0.000000,0,8
1,-12.450012,-0.900002,0.750000,0.599998,-1.349976,-0.450001,0.000519,0.000002,0,1,0,0,0.111718,0.000000,0,9
1,-15.450012,0.150002,3.000000,0.750000,2.250000,0.150002,0.000641,0.000002,0,0,0,0,0.126224,0.000000,0,10
1,-4.350006,1.349998,11.100006,1.199997,8.100006,0.449997,0.000183,0.000001,0,0,0,0,0.127201,0.000000,0,11
1,10.799988,0.299999,6.449982,1.049999,-4.650024,-0.149998,0.000427,0.000001,0,0,0,0,0.130333,0.000000,1,0
1,-0.863617,0.025063,9.936371,0.274937,3.486389,-0.775063,0.036346,0.025063,0,0,0,0,0.134241,0.000000,0,1
1,16.799988,0.000000,15.936371,0.025063,6.000000,-0.249874,0.000671,0.000000,0,0,0,0,0.140960,0.000000,0,2
1,7.799988,-0.750000,9.000000,0.750000,-6.936371,0.724937,0.000305,0.000000,0,0,0,0,0.147730,0.000000,0,3
1,-8.400024,-2.700001,0.600037,1.950001,-8.399963,1.200001,0.000366,0.000001,0,0,0,0,0.153461,0.000000,0,4
1,-16.950012,-3.299999,8.549988,0.599998,7.949951,-1.350002,0.000702,0.000000,1,1,0,0,0.232970,0.000000,0,5
1,-9.750000,-3.599998,7.200012,0.299999,-1.349976,-0.299999,0.000397,0.000001,0,1,0,0,0.228775,0.000000,0,6
1,6.299988,-3.750000,3.450012,0.150002,-3.750000,-0.149998,0.000244,0.000001,0,1,0,0,0.136672,0.000000,0,7
1,32.700012,-3.900002,26.400024,0.150002,22.950012,0.000000,0.001343,0.000002,0,1,0,0,0.143835,0.000000,0,8
1,33.299988,-2.250000,0.599976,1.650002,-25.800049,1.500000,0.001343,0.000000,0,1,0,0,0.141774,0.000000,0,9
1,-7.200012,-4.200001,26.099976,1.950001,25.500000,0.299999,0.000305,0.000001,0,1,0,0,0.146102,0.000000,0,10
1,-12.150024,-2.850000,4.950012,1.350000,-21.149963,-0.600000,0.000519,0.000001,0,0,0,0,0.155448,0.000000,0,11
1,2.549988,-4.350000,9.600037,1.500000,4.650024,0.150000,0.000092,0.000001,0,1,0,0,0.166215,0.000000,1,0
1,1.119995,-0.520433,1.429993,3.829567,-8.170044,2.329567,0.070038,0.070433,0,1,0,0,0.168292,0.000000,0,1
1,15.000000,-2.550001,13.880005,2.029568,12.450012,-1.799999,0.000610,0.000002,0,1,0,0,0.172581,0.000000,0,2
1,14.549988,-0.299999,0.450012,2.250002,-13.429993,0.220434,0.000580,0.000001,0,1,0,0,0.173868,0.000000,0,3
1,0.599976,-2.700000,13.950012,2.400001,13.500000,0.149999,0.000000,0.000000,0,1,0,0,0.176994,0.000000,0,4
1,-13.799988,-4.050000,13.200012,1.350000,-0.750000,-1.050000,0.000549,0.000001,1,1,0,0,0.184612,0.000000,0,5
1,-15.750000,-0.300000,1.950012,3.750000,-11.250000,2.400000,0.000641,0.000000,0,1,0,0,0.453912,0.000000,0,6
1,-3.000000,0.150000,12.750000,0.150001,10.799988,-3.599999,0.000122,0.000000,0,1,0,0,0.213299,0.000000,0,7
1,33.150024,-3.450001,30.150024,3.300001,17.400024,3.150001,0.001373,0.000001,0,1,0,0,0.175234,0.000000,0,8
1,11.549988,0.600000,21.600037,2.850000,-8.549988,-0.450001,0.000458,0.000000,0,1,0,0,0.134464,0.000000,0,9
1,-4.650024,-3.000000,6.899963,2.400000,-14.700073,-0.450000,0.000214,0.000001,0,0,0,0,0.097158,0.000000,0,10
1,-13.500000,0.750000,8.849976,2.250000,1.950012,-0.150000,0.000549,0.000000,0,1,0,0,0.088413,0.000000,0,11
1,-6.299988,1.350000,7.200012,0.600000,-1.649963,-1.650001,0.000244,0.000000,0,1,0,0,0.061275,0.000000,0,12
1,8.250000,-0.750000,1.950012,0.600000,-5.250000,0.000000,0.000336,0.000000,0,1,0,0,0.030485,0.000000,0,13
1,13.650024,2.100000,5.400024,1.350000,3.450012,0.750000,0.000580,0.000001,1,1,0,0,0.018977,0.000000,0,14
1,4.049988,1.050000,9.600037,1.050000,4.200012,-0.300000,0.000153,0.000000,1,1,0,0,0.134547,0.000000,0,15
1,-10.950012,-1.200000,6.900024,0.150000,-2.700012,-0.900001,0.000458,0.000000,0,1,0,0,0.373926,0.000000,0,16
1,-16.799988,-0.600000,5.849976,0.599999,-1.050049,0.450000,0.000671,0.000000,0,1,0,0,0.224817,0.000000,0,17
1,-10.349976,3.300000,6.450012,2.700000,0.600037,2.100000,0.000397,0.000001,0,1,0,0,0.223520,0.000000,0,18
1,5.250000,-0.300000,5.099976,3.000000,-1.350037,0.300000,0.000214,0.000000,0,1,0,0,0.225037,0.000000,0,19
1,18.450012,3.750000,13.200012,3.450000,8.100037,0.450000,0.000763,0.000001,0,1,0,0,0.230159,0.000000,0,20
1,17.250000,0.000000,1.200012,3.750000,-12.000000,0.300000,0.000702,0.000000,0,1,0,0,0.140910,0.000000,0,21
1,5.250000,2.550001,12.000000,2.550001,10.799988,-1.199999,0.000214,0.000002,0,1,0,0,0.114457,0.000000,0,22
1,-4.650024,1.650000,0.599976,0.900002,-11.400024,-1.650000,0.000214,0.000000,0,0,0,0,0.097461,0.000000,0,23
1,-5.099976,4.350000,0.449951,2.700001,-0.150024,1.799999,0.000183,0.000001,0,1,0,0,0.107546,0.000000,1,0
1,15.799011,13.979832,10.699036,9.629831,10.249084,6.929831,0.049652,0.029834,0,1,0,0,0.097028,0.000000,0,1
1,-0.450012,0.450001,15.348999,13.529831,4.649963,3.900000,0.000031,0.000001,0,1,0,0,0.074096,0.000000,0,2
1,13.950012,0.450001,13.500000,0.000000,-1.848999,-13.529831,0.000580,0.000001,0,1,0,0,0.054665,0.000000,0,3
1,15.599976,2.400002,1.649963,1.950001,-11.850037,1.950001,0.000610,0.000002,0,1,0,0,0.041022,0.000000,0,4
1,2.849976,1.500000,12.750000,0.900002,11.100037,-1.049999,0.000092,0.000000,1,1,0,0,0.022090,0.000000,0,5
1,-12.450012,0.150002,9.600037,1.349998,-3.149963,0.449997,0.000519,0.000002,0,0,0,0,0.316172,0.000000,0,6
1,-16.349976,0.000000,3.899963,0.150002,-5.700073,-1.199997,0.000641,0.000000,0,1,0,0,0.186903,0.000000,0,7
1,29.549988,-0.150002,13.200012,0.150002,9.300049,0.000000,0.001190,0.000002,0,1,0,0,0.114959,0.000000,0,8
1,16.049988,3.599998,13.500000,3.449997,0.299988,3.299995,0.000641,0.000001,0,1,0,0,0.098231,0.000000,0,9
1,6.150024,2.099998,9.899963,1.500000,-3.600037,-1.949997,0.000275,0.000001,0,1,0,0,0.092745,0.000000,0,10
1,-9.150024,0.599998,3.000000,1.500000,-6.899963,0.000000,0.000397,0.000001,0,1,0,0,0.091008,0.000000,0,11
1,-16.349976,1.950001,7.199951,1.350002,4.199951,-0.149998,0.000641,0.000001,0,1,0,0,0.089556,0.000000,0,12
1,-8.549988,0.150002,7.799988,1.799999,0.600037,0.449997,0.000336,0.000002,0,0,0,0,0.091608,0.000000,0,13
1,6.000000,0.000000,2.549988,0.150002,-5.250000,-1.649998,0.000244,0.000000,0,1,0,0,0.108635,0.000000,1,0
1,-2.557068,-23.975008,3.442932,23.975008,0.892944,23.825006,0.007172,0.024988,0,1,0,0,0.111797,0.000000,0,1
1,16.650024,-0.450001,14.092957,23.525007,10.650024,-0.450001,0.000702,0.000001,0,0,0,0,0.111479,0.000000,0,2
1,11.400024,1.200001,5.250000,0.750000,-8.842957,-22.775007,0.000488,0.000001,0,0,0,0,0.083577,0.000000,0,3
1,-4.200012,0.299999,7.200012,0.900002,1.950012,0.150002,0.000183,0.000001,0,0,0,0,0.064368,0.000000,0,4
1,-16.049988,-0.900000,11.849976,0.600000,4.649963,-0.300001,0.000641,0.000000,0,1,0,0,0.046533,0.000000,0,5
1,-13.049988,-3.450001,3.000000,2.550001,-8.849976,1.950001,0.000519,0.000001,1,1,0,0,0.047784,0.000000,0,6
1,1.950012,-3.750000,11.099976,0.299999,8.099976,-2.250002,0.000092,0.000001,0,1,0,0,0.097798,0.000000,0,7
1,2.400024,-1.799999,0.450012,1.950001,-10.649963,1.650002,0.000122,0.000000,0,1,0,0,0.076823,0.000000,0,8
1,-0.750000,-0.150000,1.650024,1.650000,1.200012,-0.300001,0.000031,0.000000,0,1,0,0,0.094536,0.000000,0,9
1,-14.549988,-0.299999,13.799988,0.150000,12.149963,-1.500000,0.000580,0.000001,0,1,0,0,0.109223,0.000000,0,10
1,-14.549988,-2.400001,0.000000,2.100001,-13.799988,1.950002,0.000580,0.000001,0,1,0,0,0.120913,0.000000,0,11
1,-1.650024,-2.550000,12.899963,0.150000,12.899963,-1.950002,0.000092,0.000001,0,0,0,0,0.132765,0.000000,0,12
1,12.599976,-1.500000,10.949951,1.050000,-1.950012,0.900001,0.000488,0.000000,0,1,0,0,0.135853,0.000000,1,0
1,1.204041,-0.981465,11.395935,0.518535,0.445984,-0.531466,0.004089,0.068534,0,1,0,0,0.143600,0.000000,0,1
1,16.349976,-2.250000,15.145935,1.268535,3.750000,0.750000,0.000641,0.000000,0,1,0,0,0.156064,0.000000,0,2
1,5.099976,-0.300000,11.250000,1.950000,-3.895935,0.681465,0.000183,0.000000,0,1,0,0,0.167113,0.000000,0,3
1,-10.799988,-0.150000,5.700012,0.150000,-5.549988,-1.800000,0.000427,0.000000,0,1,0,0,0.178039,0.000000,0,4
1,-16.799988,-1.200000,6.000000,1.050000,0.299988,0.900000,0.000671,0.000000,1,1,0,0,0.179710,0.000000,0,5
1,-7.349976,-3.750000,9.450012,2.550000,3.450012,1.500000,0.000275,0.000001,0,1,0,0,0.208340,0.000000,0,6
1,8.849976,0.300000,1.500000,3.450000,-7.950012,0.900000,0.000336,0.000000,0,1,0,0,0.135703,0.000000,0,7
1,35.400024,0.450000,26.550049,0.150000,25.050049,-3.300000,0.001465,0.000000,0,1,0,0,0.136927,0.000000,0,8
1,-2.549988,-0.600000,32.850037,0.150000,6.299988,0.000000,0.000092,0.000000,0,1,0,0,0.142036,0.000000,0,9
1,-15.150024,-1.500000,12.600037,0.900000,-20.250000,0.750000,0.000641,0.000000,0,1,0,0,0.152255,0.000000,0,10
1,-9.900024,1.350000,5.250000,0.150000,-7.350037,-0.750000,0.000427,0.000000,0,0,0,0,0.153768,0.000000,0,11
1,5.849976,1.650000,4.050049,0.300000,-1.199951,0.150000,0.000214,0.000000,0,1,0,0,0.137365,0.000000,1,0
1,10.767761,15.780598,4.917786,14.130598,0.867737,13.830598,0.031799,0.030600,0,1,0,0,0.137120,0.000000,0,1
1,16.200012,2.250000,5.432251,13.530598,0.514465,-0.600000,0.000671,0.000000,0,1,0,0,0.138060,0.000000,0,2
1,13.049988,2.550001,3.150024,0.300001,-2.282227,-13.230597,0.000519,0.000002,0,1,0,0,0.149494,0.000000,0,3
1,-2.099976,1.650000,10.950012,0.900002,7.799988,0.600000,0.000061,0.000000,0,1,0,0,0.119764,0.000000,0,4
1,-15.299988,-0.600000,13.200012,1.049999,2.250000,0.149998,0.000610,0.000000,1,1,0,0,0.090092,0.000000,0,5
1,-14.400024,-0.450001,0.899963,0.150000,-12.300049,-0.900000,0.000610,0.000001,0,1,0,0,0.359958,0.000000,0,6
1,-0.150024,3.750000,14.250000,3.299999,13.350037,3.150000,0.000031,0.000001,0,0,0,0,0.238314,0.000000,0,7
1,15.000000,3.900000,14.849976,0.150000,0.599976,-3.150000,0.000610,0.000000,0,0,0,0,0.198493,0.000000,0,8
1,0.900024,2.250000,14.099976,1.650000,-0.750000,1.500000,0.000061,0.000000,0,0,0,0,0.167941,0.000000,0,9
1,-12.750000,0.150002,11.849976,2.099998,-2.250000,0.449999,0.000519,0.000002,0,0,0,0,0.138245,0.000000,0,10
1,-14.549988,4.350002,1.799988,4.200001,-10.049988,2.100002,0.000580,0.000003,0,1,0,0,0.109276,0.000000,1,0
1,58.982178,-1.968002,44.432190,2.382000,42.632202,-1.818001,0.034576,0.018003,0,0,0,0,0.087679,0.000000,0,1
1,-4.950012,0.599998,54.032166,1.368004,9.599976,-1.013996,0.000214,0.000001,0,0,0,0,0.087533,0.000000,0,2
1,10.799988,0.450001,5.849976,0.149998,-48.182190,-1.218006,0.000427,0.000001,1,0,0,0,0.092699,0.000000,0,3
1,16.799988,0.299999,6.000000,0.150002,0.150024,0.000004,0.000671,0.000001,1,1,0,0,0.177426,0.000000,0,4
1,7.200012,0.299999,9.599976,0.000000,3.599976,-0.150002,0.000305,0.000001,0,1,0,0,0.340141,0.000000,0,5
1,-9.000000,0.150002,1.799988,0.149998,-7.799988,0.149998,0.000366,0.000002,0,0,0,0,0.211698,0.000000,0,6
1,-16.950012,0.000000,7.950012,0.150002,6.150024,0.000004,0.000702,0.000000,0,1,0,0,0.215064,0.000000,0,7
1,-19.799988,0.000000,2.849976,0.000000,-5.100037,-0.150002,0.000793,0.000000,0,1,0,0,0.211809,0.000000,0,8
1,12.900024,-0.299999,6.899963,0.299999,4.049988,0.299999,0.000549,0.000001,0,1,0,0,0.217095,0.000000,0,9
1,6.000000,-0.450001,6.900024,0.150002,0.000061,-0.149998,0.000244,0.000001,0,0,0,0,0.222940,0.000000,0,10
1,-6.900024,-0.750000,0.900024,0.299999,-6.000000,0.149998,0.000305,0.000000,0,1,0,0,0.202876,0.000000,0,11
1,-16.500000,-1.049999,9.599976,0.299999,8.699951,0.000000,0.000671,0.000001,0,1,0,0,0.188957,0.000000,0,12
1,-12.000000,-1.349998,4.500000,0.299999,-5.099976,0.000000,0.000488,0.000001,0,1,0,0,0.156023,0.000000,0,13
1,1.950012,-1.650002,10.049988,0.300003,5.549988,0.000004,0.000092,0.000002,0,1,0,0,0.130025,0.000000,0,14
1,10.799988,-1.950001,8.849976,0.299999,-1.200012,-0.000004,0.000427,0.000001,0,1,0,0,0.115928,0.000000,0,15
1,7.200012,-2.250000,3.599976,0.299999,-5.250000,0.000000,0.000305,0.000000,1,1,0,0,0.112233,0.000000,0,16
1,-3.150024,-2.550001,4.049988,0.300001,0.450012,0.000002,0.000153,0.000002,0,1,0,0,0.386014,0.000000,0,17
1,-14.250000,-2.850000,11.099976,0.299999,7.049988,-0.000002,0.000580,0.000001,0,1,0,0,0.227569,0.000000,0,18
1,-14.250000,0.150000,0.000000,2.700001,-11.099976,2.400002,0.000580,0.000000,0,1,0,0,0.220705,0.000000,0,19
1,-1.349976,0.450001,12.900024,0.300001,12.900024,-2.400000,0.000031,0.000001,0,1,0,0,0.216159,0.000000,0,20
1,12.900024,-1.799999,11.550049,1.349998,-1.349976,1.049997,0.000549,0.000000,0,1,0,0,0.144305,0.000000,0,21
1,15.299988,-1.950001,2.399963,0.150002,-9.150085,-1.199997,0.000610,0.000001,0,1,0,0,0.105351,0.000000,0,22
1,3.599976,-4.050001,11.700012,2.100000,9.300049,1.949999,0.000122,0.000002,0,1,0,0,0.069870,0.000000,0,23
1,-11.400024,-0.150000,7.800049,3.900002,-3.899963,1.800001,0.000488,0.000000,0,0,0,0,0.038371,0.000000,0,24
1,-16.500000,-0.299999,5.099976,0.150000,-2.700073,-3.750002,0.000671,0.000001,0,0,0,0,0.040829,0.000000,1,0
1,-2.712158,13.783407,13.787842,13.483408,8.687866,13.333408,0.012268,0.016591,0,0,0,0,0.050930,0.000000,0,1
1,-7.049988,-2.400000,4.337830,11.383408,-9.450012,-2.100000,0.000275,0.000000,0,0,0,0,0.064099,0.000000,0,2
1,9.000000,-3.900000,1.950012,1.500000,-2.387817,-9.883408,0.000366,0.000000,0,0,0,0,0.075932,0.000000,0,3
1,16.950012,-3.300001,7.950012,0.599998,6.000000,-0.900002,0.000702,0.000002,0,0,0,0,0.089029,0.000000,0,4
1,9.150024,-0.299999,7.799988,3.000002,-0.150024,2.400003,0.000397,0.000001,0,0,0,0,0.100956,0.000000,0,5
1,-6.900024,-4.200001,2.250000,3.900002,-5.549988,0.900000,0.000305,0.000001,1,0,0,0,0.111849,0.000000,0,6
1,-16.799988,-4.050000,9.899963,0.150001,7.649963,-3.750001,0.000671,0.000001,0,0,0,0,0.184220,0.000000,0,7
1,-30.000000,-3.900001,13.200012,0.150000,3.300049,-0.000001,0.001221,0.000001,0,0,0,0,0.108455,0.000000,0,8
1,16.799988,-2.100000,13.200012,1.800000,0.000000,1.650001,0.000671,0.000001,0,0,0,0,0.104452,0.000000,0,9
1,13.349976,-1.800000,3.450012,0.300000,-9.750000,-1.500000,0.000519,0.000000,0,0,0,0,0.099994,0.000000,0,10
1,-2.250000,-1.800000,11.099976,0.000000,7.649963,-0.300000,0.000092,0.000000,0,1,0,0,0.100107,0.000000,0,11
1,-15.000000,-2.850000,12.750000,1.050000,1.650024,1.050000,0.000610,0.000001,0,0,0,0,0.094216,0.000000,0,12
1,-12.750000,1.350000,2.250000,1.500000,-10.500000,0.450000,0.000519,0.000000,0,1,0,0,0.110334,0.000000,1,0
1,3.263977,5.784219,9.486023,4.434219,7.236023,2.934219,0.035889,0.065780,0,1,0,0,0.111327,0.000000,0,1
1,0.000000,-0.300000,3.263977,5.484219,-6.222046,1.050000,0.000000,0.000000,0,1,0,0,0.118948,0.000000,0,2
1,14.250000,-1.650000,14.250000,1.350000,10.986023,-4.134219,0.000580,0.000000,0,1,0,0,0.124419,0.000000,0,3
1,15.450012,2.550000,1.200012,0.900000,-13.049988,-0.450000,0.000641,0.000001,0,1,0,0,0.108487,0.000000,0,4
1,2.250000,2.850000,13.200012,0.300000,12.000000,-0.600000,0.000092,0.000001,1,1,0,0,0.099168,0.000000,0,5
1,-12.750000,3.150001,10.500000,0.300000,-2.700012,0.000000,0.000519,0.000001,0,1,0,0,0.369653,0.000000,0,6
1,-16.200012,0.900000,3.450012,2.250001,-7.049988,1.950001,0.000671,0.000000,0,1,0,0,0.227279,0.000000,0,7
1,4.349976,2.250000,11.850037,1.350000,8.400024,-0.900001,0.000153,0.000000,0,1,0,0,0.232294,0.000000,0,8
1,17.250000,2.850000,12.900024,0.600000,1.049988,-0.750000,0.000702,0.000001,0,1,0,0,0.121548,0.000000,0,9
1,8.099976,1.350000,9.150024,1.500000,-3.750000,0.900000,0.000305,0.000001,0,1,0,0,0.085582,0.000000,0,10
1,-5.099976,4.200001,3.000000,2.850000,-6.150024,1.350000,0.000183,0.000001,0,1,0,0,0.052826,0.000000,0,11
1,-12.150024,1.650000,7.050049,2.550001,4.050049,-0.299999,0.000519,0.000000,0,1,0,0,0.022603,0.000000,0,12
1,-7.349976,1.950001,4.800049,0.300001,-2.250000,-2.250000,0.000275,0.000001,0,0,0,0,0.022603,0.000000,0,13
1,7.650024,4.350000,0.300049,2.400000,-4.500000,2.099998,0.000336,0.000001,0,1,0,0,0.012467,0.000000,1,0
1,6.677246,-0.445210,0.972778,3.904791,0.672729,1.504791,0.072479,0.004790,0,1,0,0,0.023490,0.000000,0,1
1,16.799988,2.700001,10.122742,2.254791,9.149963,-1.650000,0.000671,0.000001,0,1,0,0,0.045982,0.000000,0,2
1,10.950012,2.400002,5.849976,0.299999,-4.272766,-1.954792,0.000458,0.000002,0,1,0,0,0.066363,0.000000,0,3
1,-4.799988,1.799999,6.150024,0.600002,0.300049,0.300003,0.000183,0.000000,0,1,0,0,0.083897,0.000000,0,4
1,-16.200012,1.950001,11.400024,0.150002,5.250000,-0.450001,0.000671,0.000001,0,1,0,0,0.095793,0.000000,0,5
1,-12.750000,2.099998,3.450012,0.149998,-7.950012,-0.000004,0.000519,0.000001,1,1,0,0,0.182554,0.000000,0,6
1,2.549988,-0.150002,10.200012,1.949997,6.750000,1.799999,0.000092,0.000002,0,1,0,0,0.141802,0.000000,0,7
1,22.200012,-0.450001,19.650024,0.299999,9.450012,-1.649998,0.000916,0.000001,0,0,0,0,0.094282,0.000000,0,8
1,-0.599976,0.000000,21.600037,0.450001,1.950012,0.150002,0.000000,0.000000,0,0,0,0,0.090492,0.000000,0,9
1,-14.250000,1.049999,13.650024,1.049999,-7.950012,0.599998,0.000580,0.000001,0,0,0,0,0.094447,0.000000,0,10
1,-14.250000,2.400002,0.000000,1.350002,-13.650024,0.300003,0.000580,0.000002,0,0,0,0,0.102972,0.000000,0,11
1,-0.900024,-1.049999,13.349976,1.350002,13.349976,0.000000,0.000061,0.000001,0,0,0,0,0.111656,0.000000,0,12
1,12.900024,1.950001,12.000000,0.900002,-1.349976,-0.450001,0.000549,0.000001,0,0,0,0,0.118288,0.000000,1,0
1,-1.174744,-1.355671,11.725281,0.594330,-0.274719,-0.305672,0.025208,0.005671,0,0,0,0,0.125299,0.000000,0,1
1,16.200012,-2.549999,15.025269,1.194328,3.299988,0.599998,0.000671,0.000000,0,0,0,0,0.129667,0.000000,0,2
1,4.500000,-1.950001,11.700012,0.599998,-3.325256,-0.594330,0.000183,0.000001,0,0,0,0,0.133829,0.000000,0,3
1,-11.250000,-3.150002,6.750000,1.200001,-4.950012,0.600002,0.000458,0.000002,0,0,0,0,0.140113,0.000000,0,4
1,-16.650024,-3.299999,5.400024,0.149998,-1.349976,-1.050003,0.000702,0.000000,1,0,0,0,0.188228,0.000000,0,5
1,-6.750000,-3.600000,9.900024,0.300001,4.500000,0.150003,0.000275,0.000001,0,0,0,0,0.176956,0.000000,0,6
1,9.299988,-1.500000,2.549988,2.100000,-7.350037,1.799999,0.000366,0.000000,0,0,0,0,0.096618,0.000000,0,7
1,-14.549988,-3.150000,5.250000,1.650000,2.700012,-0.450001,0.000580,0.000000,0,1,0,0,0.085242,0.000000,0,8
1,-8.099976,-4.200001,6.450012,1.050001,1.200012,-0.599998,0.000305,0.000001,0,1,0,0,0.067046,0.000000,0,9
1,-16.049988,-1.350000,7.950012,2.850000,1.500000,1.799999,0.000641,0.000001,0,1,0,0,0.063732,0.000000,0,10
1,-8.400024,-1.799999,7.649963,0.449999,-0.300049,-2.400002,0.000366,0.000000,0,0,0,0,0.073350,0.000000,0,11
1,8.849976,-3.000000,0.449951,1.200001,-7.200012,0.750002,0.000336,0.000000,0,1,0,0,0.092004,0.000000,1,0
1,38.544861,-1.125413,29.694885,1.874587,29.244934,0.674586,0.003571,0.074587,0,1,0,0,0.071220,0.000000,0,1
1,16.349976,-3.150001,22.194885,2.024588,-7.500000,0.150001,0.000641,0.000001,0,1,0,0,0.067630,0.000000,0,2
1,12.599976,-2.550000,3.750000,0.600000,-18.444885,-1.424587,0.000488,0.000001,0,1,0,0,0.068769,0.000000,0,3
1,-2.700012,-1.650001,9.899963,0.900000,6.149963,0.299999,0.000122,0.000001,0,1,0,0,0.060979,0.000000,0,4
1,-15.450012,-3.450000,12.750000,1.800000,2.850037,0.900000,0.000641,0.000001,1,1,0,0,0.052074,0.000000,0,5
1,-14.099976,-3.900000,1.350037,0.450000,-11.399963,-1.350000,0.000549,0.000001,0,1,0,0,0.122263,0.000000,0,6
1,0.299988,-0.300000,13.799988,3.600000,12.449951,3.150000,0.000000,0.000000,0,1,0,0,0.058058,0.000000,0,7
1,14.250000,-0.750000,13.950012,0.450000,0.150024,-3.150000,0.000580,0.000000,0,1,0,0,0.061450,0.000000,0,8
1,4.200012,-0.900000,10.049988,0.150000,-3.900024,-0.300000,0.000183,0.000000,0,1,0,0,0.074108,0.000000,0,9
1,-11.549988,-2.700000,7.349976,1.800000,-2.700012,1.650000,0.000458,0.000001,0,1,0,0,0.086626,0.000000,0,10
1,-15.150024,1.200000,3.600037,1.500000,-3.749939,-0.300000,0.000641,0.000000,0,0,0,0,0.097195,0.000000,0,11
1,-3.150024,1.500000,12.000000,0.300000,8.399963,-1.200000,0.000153,0.000000,0,1,0,0,0.113909,0.000000,1,0
1,8.931885,8.859505,5.781860,7.359505,-6.218140,7.059505,0.067749,0.009506,0,1,0,0,0.120736,0.000000,0,1
1,11.250000,2.100000,2.318115,6.759505,-3.463745,-0.600000,0.000458,0.000000,0,1,0,0,0.123703,0.000000,0,2
1,16.650024,-1.350000,5.400024,0.750000,3.081909,-6.009505,0.000702,0.000001,0,1,0,0,0.119700,0.000000,0,3
1,6.599976,2.700000,10.050049,1.349999,4.650024,0.600000,0.000244,0.000000,0,1,0,0,0.123504,0.000000,0,4
1,-9.450012,-0.600000,2.850037,2.099999,-7.200012,0.750000,0.000397,0.000000,1,1,0,0,0.127326,0.000000,0,5
1,-16.950012,3.150001,7.500000,2.550000,4.649963,0.450001,0.000702,0.000001,0,1,0,0,0.402353,0.000000,0,6
1,-8.849976,0.600000,8.100037,2.550000,0.600037,0.000000,0.000336,0.000000,0,1,0,0,0.238206,0.000000,0,7
1,-0.599976,0.000000,8.250000,0.600000,0.149963,-1.950000,0.000000,0.000000,0,1,0,0,0.236467,0.000000,0,8
1,8.849976,4.050001,8.250000,4.050001,0.000000,3.450001,0.000336,0.000002,0,1,0,0,0.147638,0.000000,0,9
1,-6.000000,2.100000,2.849976,1.950001,-5.400024,-2.100000,0.000244,0.000001,0,0,0,0,0.108351,0.000000,0,10
1,-16.049988,0.299999,10.049988,1.800001,7.200012,-0.150000,0.000641,0.000001,0,0,0,0,0.089325,0.000000,0,11
1,-11.250000,3.450001,4.799988,3.150002,-5.250000,1.350000,0.000458,0.000001,0,0,0,0,0.082730,0.000000,0,12
1,3.750000,3.150000,7.500000,0.300001,2.700012,-2.850000,0.000153,0.000000,0,0,0,0,0.080165,0.000000,0,13
1,15.450012,3.300001,11.700012,0.150002,4.200012,-0.150000,0.000641,0.000002,0,0,0,0,0.077450,0.000000,1,0
1,-3.135620,-2.335146,12.314392,0.964855,0.614380,0.814854,0.014252,0.064854,0,0,0,0,0.080357,0.000000,0,1
1,13.950012,3.150000,10.814392,0.814854,-1.500000,-0.150002,0.000580,0.000000,0,0,0,0,0.082651,0.000000,0,2
1,-0.450012,0.299999,13.500000,2.850000,2.685608,2.035147,0.000031,0.000001,0,0,0,0,0.088089,0.000000,0,3
1,-14.549988,0.750002,14.099976,0.450003,0.599976,-2.399998,0.000580,0.000002,0,0,0,0,0.097715,0.000000,0,4
1,-15.150024,2.400002,0.600037,1.650000,-13.499939,1.199997,0.000641,0.000002,0,0,0,0,0.108341,0.000000,0,5
1,-1.950012,-0.150002,13.200012,2.250000,12.599976,0.600000,0.000092,0.000002,1,0,0,0,0.118126,0.000000,0,6
1,13.049988,-0.299999,11.099976,0.149998,-2.100037,-2.100002,0.000519,0.000001,0,0,0,0,0.203164,0.000000,0,7
1,19.799988,-0.599998,6.750000,0.299999,-4.349976,0.150002,0.000793,0.000001,0,1,0,0,0.208527,0.000000,0,8
1,-8.849976,-0.900002,10.950012,0.300003,4.200012,0.000004,0.000336,0.000002,0,1,0,0,0.176537,0.000000,0,9
1,-8.400024,-1.200001,0.449951,0.299999,-10.500061,-0.000004,0.000366,0.000001,0,0,0,0,0.149106,0.000000,0,10
1,1.950012,-0.600000,6.450012,0.600000,6.000061,0.300001,0.000092,0.000000,0,1,0,0,0.135687,0.000000,1,0
1,4.673218,-6.498863,2.723206,5.898863,-3.726807,5.298862,0.023407,0.048864,0,1,0,0,0.106343,0.000000,0,1
1,9.599976,-114.723282,4.926758,108.224419,2.203552,102.325554,0.000366,0.026700,0,1,0,0,0.079906,0.000000,0,2
1,16.950012,0.000000,7.350037,114.723282,2.423279,6.498863,0.000702,0.000000,0,1,0,0,0.069825,0.000000,0,3
1,8.700012,0.300003,8.250000,0.300003,0.899963,-114.423279,0.000366,0.000003,1,1,0,0,0.073821,0.000000,0,4
1,-7.500000,0.900002,1.200012,0.599998,-7.049988,0.299995,0.000305,0.000002,1,1,0,0,0.170054,0.000000,0,5
1,-16.799988,0.599998,9.299988,0.300003,8.099976,-0.299995,0.000671,0.000001,0,1,0,0,0.351485,0.000000,0,6
1,-10.650024,0.300003,6.149963,0.299995,-3.150024,-0.000008,0.000458,0.000003,0,1,0,0,0.201943,0.000000,0,7
1,19.500000,0.150002,8.849976,0.150002,2.700012,-0.149994,0.000793,0.000002,0,1,0,0,0.203173,0.000000,0,8
1,11.099976,0.000000,8.400024,0.150002,-0.449951,0.000000,0.000427,0.000000,0,1,0,0,0.208179,0.000000,0,9
1,-3.750000,-0.150002,7.349976,0.150002,-1.050049,0.000000,0.000153,0.000002,0,1,0,0,0.212541,0.000000,0,10
1,-15.599976,-0.300003,11.849976,0.150002,4.500000,0.000000,0.000610,0.000003,0,0,0,0,0.213652,0.000000,0,11
1,-12.599976,-0.300003,3.000000,0.000000,-8.849976,-0.150002,0.000488,0.000003,0,1,0,0,0.194209,0.000000,1,0
1,-7.278198,102.180084,5.321777,101.880081,2.321777,101.880081,0.071503,0.030100,0,1,0,0,0.196288,0.000000,0,1
1,0.599976,-0.600000,6.678223,101.580086,1.356445,-0.299995,0.000000,0.000000,0,1,0,0,0.196970,0.000000,0,2
1,14.549988,-1.800000,13.950012,1.200000,7.271790,-100.380089,0.000580,0.000000,0,1,0,0,0.373549,0.000000,0,3
1,15.150024,-0.300000,0.600037,1.500000,-13.349976,0.300000,0.000641,0.000000,0,1,0,0,0.316457,0.000000,0,4
1,1.650024,-1.950000,13.500000,1.650000,12.899963,0.150000,0.000092,0.000000,0,0,0,0,0.264600,0.000000,0,5
1,-13.200012,-2.100000,11.549988,0.150001,-1.950012,-1.499999,0.000549,0.000001,1,0,0,0,0.240078,0.000000,0,6
1,-16.049988,-3.900000,2.849976,1.800000,-8.700012,1.649999,0.000641,0.000001,0,0,0,0,0.264039,0.000000,0,7
1,15.900024,-1.650000,0.149963,2.250000,-2.700012,0.450000,0.000671,0.000000,0,0,0,0,0.152514,0.000000,0,8
1,15.900024,-2.100000,0.000000,0.450000,-0.149963,-1.800000,0.000671,0.000000,0,0,0,0,0.144364,0.000000,0,9
1,4.950012,-0.300000,10.950012,1.800000,10.950012,1.350000,0.000214,0.000000,0,1,0,0,0.137861,0.000000,0,10
1,-10.049988,0.600000,5.099976,0.300000,-5.850037,-1.500000,0.000397,0.000000,0,1,0,0,0.122961,0.000000,0,11
1,-16.200012,1.200000,6.150024,0.600000,1.050049,0.300000,0.000671,0.000000,0,1,0,0,0.120702,0.000000,0,12
1,-7.200012,1.500000,9.000000,0.300000,2.849976,-0.300000,0.000305,0.000000,0,0,0,0,0.125877,0.000000,0,13
1,8.250000,1.800000,1.049988,0.300000,-7.950012,-0.000000,0.000336,0.000000,0,1,0,0,0.414495,0.000000,0,14
1,16.200012,2.100000,7.950012,0.300000,6.900024,0.000001,0.000671,0.000001,0,1,0,0,0.358148,0.000000,0,15
1,9.299988,-0.750000,6.900024,1.350000,-1.049988,1.050000,0.000366,0.000000,0,1,0,0,0.302695,0.000000,0,16
1,-6.150024,0.450000,3.149963,0.300000,-3.750061,-1.050000,0.000275,0.000000,0,1,0,0,0.251519,0.000000,0,17
1,-16.200012,-0.300000,10.049988,0.150000,6.900024,-0.150001,0.000671,0.000000,0,1,0,0,0.203505,0.000000,0,18
1,-10.950012,-0.300000,5.250000,0.000000,-4.799988,-0.150000,0.000458,0.000000,0,1,0,0,0.159846,0.000000,0,19
1,4.049988,3.450001,6.900024,3.150001,1.650024,3.150001,0.000153,0.000001,1,1,0,0,0.120005,0.000000,0,20
1,15.450012,0.750000,11.400024,2.700001,4.500000,-0.450000,0.000641,0.000000,0,1,0,0,0.197459,0.000000,0,21
1,12.599976,2.700000,2.850037,1.950000,-8.549988,-0.750001,0.000488,0.000000,0,1,0,0,0.133336,0.000000,0,22
1,-1.650024,4.050000,10.949951,1.350000,8.099915,-0.599999,0.000092,0.000001,0,1,0,0,0.146904,0.000000,0,23
1,-14.700012,3.450001,13.049988,0.599999,2.100037,-0.750001,0.000610,0.000001,0,1,0,0,0.157759,0.000000,0,24
1,-13.950012,2.250000,0.750000,1.200001,-12.299988,0.600001,0.000580,0.000000,0,1,0,0,0.165695,0.000000,0,25
1,-0.450012,2.400000,13.500000,0.150000,12.750000,-1.050001,0.000031,0.000000,0,0,0,0,0.175484,0.000000,0,26
1,13.349976,2.700001,12.899963,0.300001,-0.600037,0.150002,0.000519,0.000001,0,1,0,0,0.159690,0.000000,1,0
1,3.165283,-0.525612,10.184692,2.174389,-2.715271,1.874388,0.015411,0.074388,0,1,0,0,0.162639,0.000000,0,1
1,16.049988,4.350000,12.884705,3.824389,2.700012,1.650000,0.000641,0.000001,0,1,0,0,0.167727,0.000000,0,2
1,3.900024,4.200001,12.149963,0.150000,-0.734741,-3.674389,0.000183,0.000001,0,1,0,0,0.172845,0.000000,0,3
1,-11.700012,0.150002,7.799988,4.049999,-4.349976,3.900000,0.000488,0.000002,0,1,0,0,0.166008,0.000000,0,4
1,-16.650024,3.900002,4.950012,3.750000,-2.849976,-0.299999,0.000702,0.000002,1,1,0,0,0.175506,0.000000,0,5
1,-6.299988,-0.150002,10.350037,3.750000,5.400024,0.000000,0.000244,0.000002,0,0,0,0,0.454697,0.000000,0,6
1,9.750000,-0.299999,3.450012,0.149998,-6.900024,-3.600002,0.000397,0.000001,0,0,0,0,0.239193,0.000000,0,7
1,20.400024,0.000000,10.650024,0.299999,7.200012,0.150002,0.000854,0.000000,0,0,0,0,0.199545,0.000000,0,8
1,-8.400024,2.099998,12.000000,2.099998,1.349976,1.799999,0.000366,0.000001,0,0,0,0,0.162737,0.000000,0,9
1,-16.200012,0.000000,7.799988,2.099998,-4.200012,0.000000,0.000671,0.000000,0,0,0,0,0.128492,0.000000,0,10
1,-9.150024,2.250000,7.049988,2.250000,-0.750000,0.150002,0.000397,0.000000,0,1,0,0,0.097581,0.000000,1,0
1,99.309998,-5.300919,90.159973,3.050919,83.109985,0.800919,0.014038,0.050919,0,1,0,0,0.069201,0.000000,0,1
1,5.549988,-2.099998,93.760010,3.200920,3.600037,0.150002,0.000214,0.000001,0,1,0,0,0.037627,0.000000,0,2
1,16.500000,-2.400002,10.950012,0.300003,-82.809998,-2.900917,0.000671,0.000002,1,1,0,0,0.015134,0.000000,0,3
1,12.150024,-2.700001,4.349976,0.299999,-6.600037,-0.000004,0.000519,0.000001,1,1,0,0,0.118940,0.000000,0,4
1,-3.150024,-3.000000,9.000000,0.299999,4.650024,0.000000,0.000153,0.000000,0,1,0,0,0.367558,0.000000,0,5
1,-15.750000,-3.150000,12.599976,0.150000,3.599976,-0.150000,0.000641,0.000000,0,1,0,0,0.226070,0.000000,0,6
1,-13.650024,0.450001,2.099976,2.699999,-10.500000,2.549999,0.000580,0.000001,0,1,0,0,0.230928,0.000000,0,7
1,-31.200012,0.150000,17.549988,0.300001,15.450012,-2.399998,0.001282,0.000000,0,0,0,0,0.132198,0.000000,0,8
1,-38.099976,-0.900000,6.899963,0.750000,-10.650024,0.449999,0.001526,0.000000,0,0,0,0,0.094887,0.000000,0,9
1,0.000000,-0.299999,38.099976,0.600000,31.200012,-0.150000,0.000000,0.000001,0,0,0,0,0.066831,0.000000,0,10
1,-13.349976,-1.500000,13.349976,1.200001,-24.750000,0.600000,0.000519,0.000000,0,0,0,0,0.041451,0.000000,0,11
1,-11.549988,-1.799999,1.799988,0.299999,-11.549988,-0.900002,0.000458,0.000000,0,0,0,0,0.041451,0.000000,0,12
1,15.000000,-1.350000,3.450012,0.449999,1.650024,0.150000,0.000610,0.000001,0,1,0,0,0.024547,0.000000,1,0
1,94.250366,-0.215067,79.250366,1.134933,75.800354,0.684935,0.054199,0.065067,0,1,0,0,0.017075,0.000000,0,1
1,11.700012,-0.600000,82.550354,0.384933,3.299988,-0.750000,0.000488,0.000000,0,1,0,0,0.039546,0.000000,0,2
1,16.650024,-0.900000,4.950012,0.299999,-77.600342,-0.084934,0.000702,0.000000,0,1,0,0,0.060976,0.000000,0,3
1,6.150024,-3.450001,10.500000,2.550001,5.549988,2.250002,0.000275,0.000001,0,1,0,0,0.080952,0.000000,0,4
1,-9.900024,-1.200000,3.750000,2.250001,-6.750000,-0.300000,0.000427,0.000000,0,1,0,0,0.098759,0.000000,0,5
1,-16.950012,-2.850000,7.049988,1.650001,3.299988,-0.600000,0.000702,0.000001,1,1,0,0,0.185312,0.000000,0,6
1,-8.250000,-0.600000,8.700012,2.250000,1.650024,0.599999,0.000336,0.000000,0,1,0,0,0.138971,0.000000,0,7
1,-13.049988,0.300000,4.799988,0.300000,-3.900024,-1.950000,0.000519,0.000000,0,1,0,0,0.101683,0.000000,0,8
1,8.700012,-3.300000,4.349976,3.000000,-0.450012,2.700000,0.000366,0.000001,0,1,0,0,0.117860,0.000000,0,9
1,-6.450012,-0.150000,2.250000,3.150000,-2.099976,0.150000,0.000275,0.000000,0,1,0,0,0.133170,0.000000,0,10
1,-16.049988,1.050000,9.599976,0.900000,7.349976,-2.250000,0.000641,0.000000,0,1,0,0,0.146720,0.000000,0,11
1,-8.400024,1.350000,7.649963,0.300000,-1.950012,-0.600000,0.000366,0.000000,0,0,0,0,0.158416,0.000000,0,12
1,7.650024,1.650001,0.750000,0.300001,-6.899963,0.000001,0.000336,0.000001,0,1,0,0,0.165140,0.000000,1,0
1,24.031494,7.780849,16.381470,6.130849,15.631470,5.830848,0.032471,0.019149,0,1,0,0,0.169952,0.000000,0,1
1,15.750000,2.250000,8.281494,5.530849,-8.099976,-0.599999,0.000641,0.000000,0,1,0,0,0.178874,0.000000,0,2
1,13.650024,1.049999,2.099976,1.200001,-6.181519,-4.330849,0.000580,0.000001,0,1,0,0,0.188222,0.000000,0,3
1,-1.049988,2.850000,12.600037,1.800001,10.500061,0.600000,0.000031,0.000001,0,1,0,0,0.196714,0.000000,0,4
1,-14.849976,-0.600000,13.799988,2.250000,1.199951,0.449999,0.000580,0.000000,1,1,0,0,0.166463,0.000000,0,5
1,-14.849976,-0.450001,0.000000,0.150000,-13.799988,-2.100000,0.000580,0.000001,0,1,0,0,0.418792,0.000000,0,6
1,-1.200012,3.750000,13.649963,3.299999,13.649963,3.150000,0.000061,0.000001,0,1,0,0,0.179893,0.000000,0,7
1,2.849976,0.000000,1.649963,3.750000,-12.000000,0.450001,0.000092,0.000000,0,1,0,0,0.171214,0.000000,0,8
1,2.549988,2.250000,0.299988,2.250000,-1.349976,-1.500000,0.000092,0.000000,0,1,0,0,0.129817,0.000000,0,9
1,-12.150024,4.199999,9.600037,1.949999,9.300049,-0.300001,0.000519,0.000000,0,0,0,0,0.093122,0.000000,0,10
1,-14.700012,4.350002,2.549988,0.150003,-7.050049,-1.799995,0.000610,0.000003,0,0,0,0,0.084741,0.000000,1,0
1,57.343262,2.706562,42.643250,1.643440,40.093262,1.493437,0.045593,0.006562,0,0,0,0,0.095646,0.000000,0,1
1,-6.000000,1.049999,51.343262,1.656563,8.700012,0.013123,0.000244,0.000001,0,0,0,0,0.098650,0.000000,0,2
1,10.049988,0.450001,4.049988,0.599998,-47.293274,-1.056564,0.000397,0.000001,1,0,0,0,0.101273,0.000000,0,3
1,16.950012,0.299999,6.900024,0.150002,2.850037,-0.449997,0.000702,0.000001,1,1,0,0,0.159162,0.000000,0,4
1,8.099976,0.299999,8.850037,0.000000,1.950012,-0.150002,0.000305,0.000001,0,1,0,0,0.237270,0.000000,0,5
1,-8.099976,4.200001,0.000000,3.900002,-8.850037,3.900002,0.000305,0.000001,0,0,0,0,0.152479,0.000000,0,6
1,-16.950012,0.000000,8.850037,4.200001,8.850037,0.299999,0.000702,0.000000,0,1,0,0,0.155178,0.000000,0,7
1,13.200012,3.900002,3.750000,3.900002,-5.100037,-0.299999,0.000549,0.000002,0,1,0,0,0.160691,0.000000,0,8
1,15.299988,0.599998,2.099976,3.300003,-1.650024,-0.599998,0.000610,0.000001,0,1,0,0,0.169714,0.000000,0,9
1,10.650024,1.799999,4.649963,1.200001,2.549988,-2.100002,0.000458,0.000000,0,0,0,0,0.176571,0.000000,0,10
1,-5.549988,3.150002,5.100037,1.350002,0.450073,0.150002,0.000214,0.000002,0,1,0,0,0.160680,0.000000,0,11
1,-21.450012,2.700001,15.900024,0.450001,10.799988,-0.900002,0.000885,0.000001,0,0,0,0,0.365044,0.000000,0,12
1,-18.299988,-0.450001,3.150024,2.250000,-12.750000,1.799999,0.000732,0.000001,0,1,0,0,0.332190,0.000000,1,0
1,1.449951,0.005974,16.850037,0.444027,13.700012,-1.805973,0.049988,0.005974,0,1,0,0,0.282715,0.000000,0,1
1,1.200012,-1.950001,0.249939,1.944027,-16.600098,1.500000,0.000061,0.000001,0,1,0,0,0.231801,0.000000,0,2
1,14.849976,-2.250000,13.649963,0.299999,13.400024,-1.644028,0.000580,0.000000,0,0,0,0,0.186211,0.000000,0,3
1,14.849976,-2.549999,0.000000,0.299999,-13.649963,0.000000,0.000580,0.000000,0,0,0,0,0.169452,0.000000,0,4
1,1.049988,-2.849998,13.799988,0.299999,13.799988,0.000000,0.000031,0.000001,0,0,0,0,0.154201,0.000000,0,5
1,-13.500000,-3.150002,12.450012,0.300003,-1.349976,0.000004,0.000549,0.000002,1,1,0,0,0.140323,0.000000,0,6
1,-15.900024,-3.450001,2.400024,0.299999,-10.049988,-0.000004,0.000671,0.000001,0,1,0,0,0.199765,0.000000,0,7
1,-7.650024,-3.599998,8.250000,0.149998,5.849976,-0.150002,0.000336,0.000001,0,1,0,0,0.134324,0.000000,0,8
1,14.849976,-3.900002,7.199951,0.300003,-1.050049,0.150005,0.000580,0.000002,0,1,0,0,0.147512,0.000000,0,9
1,3.299988,-4.050001,11.549988,0.150000,4.350037,-0.150003,0.000122,0.000002,0,1,0,0,0.156219,0.000000,0,10
1,-10.950012,-3.150000,7.650024,0.900002,-3.899963,0.750002,0.000458,0.000000,0,1,0,0,0.162786,0.000000,0,11
1,-16.200012,-3.150000,5.250000,0.000000,-2.400024,-0.900002,0.000671,0.000000,0,0,0,0,0.165791,0.000000,0,12
1,-6.900024,-4.350000,9.299988,1.200001,4.049988,1.200001,0.000305,0.000001,0,1,0,0,0.150474,0.000000,1,0
1,0.254761,-0.414106,6.645264,3.935894,-2.654724,2.735893,0.045227,0.035894,0,1,0,0,0.152636,0.000000,0,1
1,8.099976,-3.600000,7.845215,3.185894,1.199951,-0.750000,0.000305,0.000001,0,1,0,0,0.162357,0.000000,0,2
1,16.950012,-2.850000,8.850037,0.750000,1.004822,-2.435894,0.000702,0.000001,0,0,0,0,0.173601,0.000000,0,3
1,10.049988,-0.300000,6.900024,2.550000,-1.950012,1.800000,0.000397,0.000000,0,0,0,0,0.385421,0.000000,0,4
1,-6.000000,-1.050000,4.049988,0.750000,-2.850037,-1.800000,0.000244,0.000000,1,1,0,0,0.347361,0.000000,0,5
1,-16.500000,-3.150001,10.500000,2.100000,6.450012,1.350000,0.000671,0.000001,0,1,0,0,0.138502,0.000000,0,6
1,-11.849976,-0.600000,4.650024,2.550001,-5.849976,0.450000,0.000458,0.000000,0,1,0,0,0.096559,0.000000,0,7
1,18.750000,0.150000,6.900024,0.450000,2.250000,-2.100001,0.000763,0.000000,0,1,0,0,0.106388,0.000000,0,8
1,16.950012,-1.200000,1.799988,1.050000,-5.100037,0.600000,0.000702,0.000000,0,1,0,0,0.113299,0.000000,0,9
1,-0.900024,0.750000,16.049988,0.450000,14.250000,-0.600000,0.000061,0.000000,0,1,0,0,0.123016,0.000000,0,10
1,-14.849976,-1.350000,13.949951,0.600000,-2.100037,0.150000,0.000580,0.000000,0,0,0,0,0.136523,0.000000,0,11
1,-13.200012,1.350000,1.649963,0.000000,-12.299988,-0.600000,0.000549,0.000000,0,1,0,0,0.124236,0.000000,1,0
1,14.660706,5.009489,1.460693,3.659489,-0.189270,3.659489,0.038696,0.059489,0,1,0,0,0.123021,0.000000,0,1
1,-0.900024,1.950000,13.760681,3.059489,12.299988,-0.600000,0.000061,0.000000,0,1,0,0,0.110661,0.000000,0,2
1,13.650024,2.250001,12.750000,0.300001,-1.010681,-2.759488,0.000580,0.000001,0,1,0,0,0.099445,0.000000,0,3
1,15.750000,0.750000,2.099976,1.500001,-10.650024,1.200000,0.000641,0.000000,0,1,0,0,0.106842,0.000000,0,4
1,3.299988,0.900000,12.450012,0.150000,10.350037,-1.350001,0.000122,0.000000,1,1,0,0,0.115854,0.000000,0,5
1,-12.150024,-0.299999,8.850037,0.600000,-3.599976,0.450001,0.000519,0.000001,0,1,0,0,0.388993,0.000000,0,6
1,-16.500000,0.900000,4.349976,0.600000,-4.500061,0.000000,0.000671,0.000000,0,1,0,0,0.236721,0.000000,0,7
1,3.000000,3.600000,13.500000,2.700001,9.150024,2.100000,0.000122,0.000001,0,1,0,0,0.095936,0.000000,0,8
1,16.049988,1.950001,13.049988,1.650000,-0.450012,-1.050001,0.000641,0.000001,0,1,0,0,0.074117,0.000000,0,9
1,6.599976,3.150000,9.450012,1.199999,-3.599976,-0.450001,0.000244,0.000000,0,1,0,0,0.065465,0.000000,0,10
1,-8.849976,1.799999,2.250000,1.350000,-7.200012,0.150002,0.000336,0.000000,0,1,0,0,0.064210,0.000000,0,11
1,-16.349976,0.299999,7.500000,1.500000,5.250000,0.150000,0.000641,0.000001,0,1,0,0,0.066245,0.000000,0,12
1,-8.549988,4.350002,7.799988,4.050003,0.299988,2.550003,0.000336,0.000003,0,0,0,0,0.073390,0.000000,0,13
1,6.750000,1.799999,1.799988,2.550003,-6.000000,-1.500000,0.000275,0.000000,0,0,0,0,0.092260,0.000000,1,0
1,2.528931,2.867207,4.221069,1.067207,2.421082,-1.482796,0.020966,0.017207,0,0,0,0,0.103528,0.000000,0,1
1,16.650024,2.849998,14.121094,0.017208,9.900024,-1.049999,0.000702,0.000001,0,1,0,0,0.112882,0.000000,0,2
1,11.700012,1.200001,4.950012,1.649998,-9.171082,1.632790,0.000488,0.000001,0,1,0,0,0.113207,0.000000,0,3
1,-3.750000,1.950001,7.950012,0.750000,3.000000,-0.899998,0.000153,0.000001,0,1,0,0,0.128555,0.000000,0,4
1,-15.900024,0.000000,12.150024,1.950001,4.200012,1.200001,0.000671,0.000000,0,1,0,0,0.377960,0.000000,0,5
1,-13.349976,0.000000,2.550049,0.000000,-9.599976,-1.950001,0.000519,0.000000,1,1,0,0,0.321621,0.000000,0,6
1,1.500000,-0.150002,11.849976,0.150002,9.299927,0.150002,0.000061,0.000002,0,1,0,0,0.034021,0.000000,0,7
1,9.599976,-0.450001,8.099976,0.299999,-3.750000,0.149998,0.000366,0.000001,0,1,0,0,0.043400,0.000000,0,8
1,-6.450012,-0.599998,3.149963,0.149998,-4.950012,-0.150002,0.000275,0.000001,0,1,0,0,0.064759,0.000000,0,9
1,-14.250000,-0.750000,7.799988,0.150002,4.650024,0.000004,0.000580,0.000000,0,1,0,0,0.083244,0.000000,0,10
1,-14.400024,1.349998,0.150024,0.599998,-7.649963,0.449997,0.000610,0.000001,0,1,0,0,0.098820,0.000000,0,11
1,-1.200012,-0.750000,13.200012,0.599998,13.049988,0.000000,0.000061,0.000000,0,0,0,0,0.114027,0.000000,0,12
1,13.200012,-1.799999,12.000000,1.049999,-1.200012,0.450001,0.000549,0.000000,0,1,0,0,0.124657,0.000000,1,0
1,2.155823,2.252182,11.044189,0.452183,-0.955811,-0.597816,0.055908,0.002182,0,1,0,0,0.132992,0.000000,0,1
1,16.500000,-1.650002,14.344177,0.602180,3.299988,0.149998,0.000671,0.000002,0,1,0,0,0.146917,0.000000,0,2
1,5.549988,-2.849998,10.950012,1.199997,-3.394165,0.597816,0.000214,0.000001,0,1,0,0,0.159391,0.000000,0,3
1,-10.349976,-3.000000,4.799988,0.150002,-6.150024,-1.049995,0.000397,0.000000,0,1,0,0,0.171024,0.000000,0,4
1,-16.799988,-3.299999,6.450012,0.299999,1.650024,0.149998,0.000671,0.000000,1,1,0,0,0.180420,0.000000,0,5
1,-7.799988,-3.600000,9.000000,0.300001,2.549988,0.000002,0.000305,0.000001,0,1,0,0,0.113354,0.000000,0,6
1,8.400024,-2.250000,0.600037,1.350000,-8.399963,1.049999,0.000366,0.000000,0,1,0,0,0.086186,0.000000,0,7
1,17.700012,0.000000,9.299988,2.250000,8.699951,0.900000,0.000732,0.000000,0,1,0,0,0.100789,0.000000,0,8
1,-10.500000,-1.500000,7.200012,1.500000,-2.099976,-0.750000,0.000427,0.000000,0,1,0,0,0.116914,0.000000,0,9
1,-20.700012,-2.700001,10.200012,1.200001,3.000000,-0.299999,0.000854,0.000001,0,1,0,0,0.132184,0.000000,0,10
1,-13.500000,-1.200001,7.200012,1.500000,-3.000000,0.299999,0.000549,0.000001,0,0,0,0,0.133077,0.000000,0,11
1,4.349976,-0.900000,9.150024,0.300001,1.950012,-1.199999,0.000153,0.000000,0,1,0,0,0.121100,0.000000,1,0
1,-1.126953,0.229668,3.223022,0.670332,-5.927002,0.370331,0.072998,0.070332,0,1,0,0,0.109654,0.000000,0,1
1,16.049988,-4.350000,14.923035,4.120333,11.700012,3.450001,0.000641,0.000001,0,1,0,0,0.111277,0.000000,0,2
1,13.200012,-0.299999,2.849976,4.050001,-12.073059,-0.070332,0.000549,0.000001,0,1,0,0,0.121214,0.000000,0,3
1,-1.650024,-4.200001,11.549988,3.900002,8.700012,-0.150000,0.000092,0.000001,0,1,0,0,0.131906,0.000000,0,4
1,-15.000000,-0.150000,13.349976,4.050001,1.799988,0.150000,0.000610,0.000000,1,1,0,0,0.139488,0.000000,0,5
1,-14.549988,-3.900001,0.450012,3.750001,-12.899963,-0.300000,0.000580,0.000001,0,1,0,0,0.424558,0.000000,0,6
1,-0.599976,0.150000,13.950012,3.750001,13.500000,0.000000,0.000000,0.000000,0,1,0,0,0.211015,0.000000,0,7
1,18.150024,-3.450000,17.550049,3.300001,3.600037,-0.450000,0.000763,0.000001,0,1,0,0,0.177481,0.000000,0,8
1,1.799988,0.600000,16.350037,2.850000,-1.200012,-0.450000,0.000061,0.000000,0,0,0,0,0.175562,0.000000,0,9
1,-12.450012,0.900000,10.650024,0.300000,-5.700012,-2.550000,0.000519,0.000000,0,0,0,0,0.135200,0.000000,0,10
1,-15.450012,1.200000,3.000000,0.300000,-7.650024,0.000000,0.000641,0.000000,0,0,0,0,0.106969,0.000000,0,11
1,-4.349976,1.500000,11.100037,0.300000,8.100037,-0.000000,0.000153,0.000000,0,0,0,0,0.083868,0.000000,0,12
1,10.500000,1.800000,6.150024,0.300000,-4.950012,0.000000,0.000427,0.000000,0,0,0,0,0.062789,0.000000,0,13
1,9.900024,2.100000,0.599976,0.300000,-5.550049,0.000000,0.000427,0.000001,0,0,0,0,0.044727,0.000000,1,0
1,-23.086853,8.992723,13.186829,6.892723,12.586853,6.592723,0.012207,0.007275,0,0,0,0,0.042955,0.000000,0,1
1,7.650024,2.250000,15.436829,6.742723,2.250000,-0.150000,0.000336,0.000000,0,0,0,0,0.047295,0.000000,0,2
1,-8.549988,0.750000,0.899963,1.500000,-14.536865,-5.242723,0.000336,0.000000,0,0,0,0,0.058503,0.000000,0,3
1,-16.950012,1.350000,8.400024,0.600000,7.500061,-0.900000,0.000702,0.000001,0,1,0,0,0.072374,0.000000,0,4
1,-9.599976,0.000000,7.350037,1.350000,-1.049988,0.750000,0.000366,0.000000,0,1,0,0,0.068360,0.000000,0,5
1,6.450012,0.000000,3.149963,0.000000,-4.200073,-1.350000,0.000275,0.000000,1,1,0,0,0.084659,0.000000,0,6
1,16.650024,3.900000,10.200012,3.900000,7.050049,3.900000,0.000702,0.000000,0,1,0,0,0.340565,0.000000,0,7
1,16.500000,1.500000,0.150024,2.400000,-10.049988,-1.500000,0.000671,0.000000,0,1,0,0,0.211944,0.000000,0,8
1,-11.099976,4.200001,5.400024,2.700001,5.250000,0.300001,0.000427,0.000001,0,1,0,0,0.214245,0.000000,0,9
1,-2.849976,4.350002,8.250000,0.150002,2.849976,-2.549999,0.000092,0.000003,0,1,0,0,0.336382,0.000000,0,10
1,12.150024,2.549999,9.300049,1.800003,1.050049,1.650002,0.000519,0.000000,0,1,0,0,0.280643,0.000000,0,11
1,21.299988,0.750000,9.149963,1.799999,-0.150085,-0.000004,0.000854,0.000000,0,1,0,0,0.232219,0.000000,0,12
1,16.349976,0.750000,4.950012,0.000000,-4.199951,-1.799999,0.000641,0.000000,0,1,0,0,0.193214,0.000000,0,13
1,2.849976,0.299999,13.500000,0.450001,8.549988,0.450001,0.000092,0.000001,0,0,0,0,0.160699,0.000000,0,14
1,-11.400024,0.299999,8.550049,0.000000,-4.949951,-0.450001,0.000488,0.000001,0,1,0,0,0.165449,0.000000,1,0
1,-20.953125,-30.306721,9.553101,30.006721,1.003052,30.006721,0.046021,0.006726,0,0,0,0,0.146998,0.000000,0,1
1,-15.599976,2.250000,5.353149,28.056721,-4.199951,-1.950001,0.000610,0.000000,0,0,0,0,0.145612,0.000000,0,2
1,-2.849976,0.299999,12.750000,1.950001,7.396851,-26.106720,0.000092,0.000001,0,1,0,0,0.143146,0.000000,0,3
1,12.450012,2.400000,9.600037,2.100000,-3.149963,0.150000,0.000519,0.000000,0,1,0,0,0.133054,0.000000,0,4
1,16.349976,0.600000,3.899963,1.799999,-5.700073,-0.300001,0.000641,0.000000,0,1,0,0,0.135485,0.000000,0,5
1,5.250000,0.150000,11.099976,0.450001,7.200012,-1.349998,0.000214,0.000000,1,1,0,0,0.387041,0.000000,0,6
1,-10.650024,-0.900000,5.400024,0.750000,-5.699951,0.299999,0.000458,0.000000,0,1,0,0,0.123287,0.000000,0,7
1,-33.450012,-0.450001,22.799988,0.449999,17.399963,-0.300001,0.001373,0.000001,0,1,0,0,0.046224,0.000000,0,8
1,7.500000,-1.049999,25.950012,0.599998,3.150024,0.150000,0.000305,0.000001,0,1,0,0,0.032125,0.000000,0,9
1,15.450012,0.150000,7.950012,0.900000,-18.000000,0.300001,0.000641,0.000000,0,1,0,0,0.042693,0.000000,0,10
1,7.950012,-0.750000,7.500000,0.600000,-0.450012,-0.299999,0.000336,0.000000,0,1,0,0,0.061639,0.000000,0,11
1,-7.200012,0.900000,0.750000,0.150000,-6.750000,-0.450001,0.000305,0.000000,0,1,0,0,0.079516,0.000000,0,12
1,-16.349976,0.299999,9.149963,0.600000,8.399963,0.450001,0.000641,0.000001,0,0,0,0,0.094253,0.000000,0,13
1,-10.200012,-1.200001,6.149963,0.900002,-3.000000,0.300001,0.000427,0.000001,0,1,0,0,0.085770,0.000000,1,0
1,5.532166,-4.928714,4.667847,3.728713,-1.482117,2.828712,0.017609,0.021285,0,1,0,0,0.095356,0.000000,0,1
1,4.200012,-1.650001,1.332153,3.278713,-3.335693,-0.450000,0.000183,0.000001,0,1,0,0,0.110952,0.000000,0,2
1,16.049988,-1.500000,11.849976,0.150001,10.517822,-3.128713,0.000641,0.000000,0,1,0,0,0.126442,0.000000,0,3
1,13.049988,-0.150000,3.000000,1.350000,-8.849976,1.200000,0.000519,0.000000,1,1,0,0,0.140050,0.000000,0,4
1,-1.950012,-0.300000,11.099976,0.150001,8.099976,-1.200000,0.000092,0.000000,0,1,0,0,0.152180,0.000000,0,5
1,-15.150024,-1.650000,13.200012,1.350000,2.100037,1.199999,0.000641,0.000000,0,1,0,0,0.073539,0.000000,0,6
1,-14.400024,-3.900000,0.750000,2.250000,-12.450012,0.900000,0.000610,0.000001,0,1,0,0,0.059622,0.000000,0,7
1,-2.250000,-4.350000,12.150024,0.450000,11.400024,-1.800000,0.000092,0.000001,0,1,0,0,0.056883,0.000000,0,8
1,10.349976,-0.450000,8.099976,3.900000,-4.050049,3.450000,0.000397,0.000000,0,1,0,0,0.067966,0.000000,0,9
1,0.750000,-0.300000,9.599976,0.150000,1.500000,-3.750000,0.000031,0.000000,0,0,0,0,0.082812,0.000000,0,10
1,-12.599976,-0.300000,11.849976,0.000000,2.250000,-0.150000,0.000488,0.000000,0,1,0,0,0.075359,0.000000,0,11
1,-15.599976,-0.150000,3.000000,0.150000,-8.849976,0.150000,0.000610,0.000000,0,0,0,0,0.080827,0.000000,0,12
1,-4.049988,0.000000,11.549988,0.150000,8.549988,0.000000,0.000153,0.000000,0,1,0,0,0.073553,0.000000,1,0
1,0.159546,7.885821,3.890442,7.885821,-7.659546,7.735821,0.009552,0.064177,0,1,0,0,0.081033,0.000000,0,1
1,10.799988,-1.500000,10.640442,6.385821,6.750000,-1.500000,0.000427,0.000000,0,1,0,0,0.096954,0.000000,0,2
1,16.799988,-3.300000,6.000000,1.800000,-4.640442,-4.585821,0.000671,0.000001,1,0,0,0,0.380067,0.000000,0,3
1,7.349976,-0.450000,9.450012,2.850000,3.450012,1.050000,0.000275,0.000000,0,0,0,0,0.301502,0.000000,0,4
1,-8.849976,-1.950000,1.500000,1.500000,-7.950012,-1.350000,0.000336,0.000000,0,1,0,0,0.162361,0.000000,0,5
1,-16.950012,-1.650000,8.100037,0.300000,6.600037,-1.200000,0.000702,0.000000,0,1,0,0,0.138436,0.000000,0,6
1,-9.450012,-1.950000,7.500000,0.300000,-0.600037,-0.000000,0.000397,0.000000,0,1,0,0,0.122001,0.000000,0,7
1,7.049988,2.100000,2.400024,0.150000,-5.099976,-0.150000,0.000275,0.000000,0,1,0,0,0.109785,0.000000,0,8
1,10.049988,1.650000,3.000000,0.450000,0.599976,0.300000,0.000397,0.000000,0,1,0,0,0.100569,0.000000,0,9
1,-5.250000,2.550000,4.799988,0.900000,1.799988,0.450000,0.000214,0.000001,0,1,0,0,0.101070,0.000000,0,10
1,-15.900024,3.000000,10.650024,0.450000,5.850037,-0.450000,0.000671,0.000001,0,1,0,0,0.111747,0.000000,0,11
1,-11.700012,3.000000,4.200012,0.000000,-6.450012,-0.450000,0.000488,0.000001,0,1,0,0,0.125851,0.000000,0,12
1,3.000000,3.000000,8.700012,0.000000,4.500000,-0.000000,0.000122,0.000001,0,0,0,0,0.138919,0.000000,0,13
1,15.750000,1.800000,12.750000,1.200000,4.049988,1.200000,0.000641,0.000000,0,1,0,0,0.126416,0.000000,0,14
1,13.200012,3.600000,2.549988,1.800000,-10.200012,0.600000,0.000549,0.000001,1,1,0,0,0.115937,0.000000,0,15
1,-0.599976,1.349999,12.600037,2.250001,10.050049,0.450001,0.000000,0.000000,0,1,0,0,0.357813,0.000000,0,16
1,-13.950012,1.049999,13.350037,0.300000,0.750000,-1.950001,0.000580,0.000001,0,1,0,0,0.220815,0.000000,0,17
1,-14.400024,0.299999,0.450012,0.750000,-12.900024,0.450000,0.000610,0.000001,0,1,0,0,0.225949,0.000000,0,18
1,-0.599976,4.350000,13.800049,4.050001,13.350037,3.300001,0.000000,0.000001,0,1,0,0,0.230675,0.000000,0,19
1,15.000000,1.200001,14.400024,3.150000,0.599976,-0.900002,0.000610,0.000001,0,1,0,0,0.235301,0.000000,0,20
1,21.150024,3.000000,6.150024,1.799999,-8.250000,-1.350000,0.000885,0.000000,0,1,0,0,0.205049,0.000000,0,21
1,13.950012,4.350000,7.200012,1.350000,1.049988,-0.449999,0.000580,0.000001,0,1,0,0,0.177678,0.000000,0,22
1,4.049988,1.049999,9.900024,3.300001,2.700012,1.950001,0.000153,0.000001,0,0,0,0,0.154518,0.000000,0,23
1,1.200012,4.200001,2.849976,3.150002,-7.050049,-0.150000,0.000061,0.000001,0,1,0,0,0.140611,0.000000,1,0
1,50.175232,2.821144,48.975220,1.378857,46.125244,-1.771145,0.072723,0.028855,0,1,0,0,0.110808,0.000000,0,1
1,-7.200012,3.750000,42.975220,0.928856,-6.000000,-0.450001,0.000305,0.000001,0,1,0,0,0.075058,0.000000,0,2
1,9.000000,0.000000,1.799988,3.750000,-41.175232,2.821144,0.000366,0.000000,0,1,0,0,0.044245,0.000000,0,3
1,16.950012,-0.599998,7.950012,0.599998,6.150024,-3.150002,0.000702,0.000001,0,1,0,0,0.028549,0.000000,0,4
1,9.299988,-0.750000,7.650024,0.150002,-0.299988,-0.449997,0.000366,0.000000,1,1,0,0,0.021457,0.000000,0,5
1,-6.750000,-1.049999,2.549988,0.299999,-5.100037,0.149998,0.000275,0.000001,0,1,0,0,0.317428,0.000000,0,6
1,-16.799988,-1.349998,10.049988,0.299999,7.500000,0.000000,0.000671,0.000001,0,1,0,0,0.199106,0.000000,0,7
1,-7.200012,-1.650002,9.599976,0.300003,-0.450012,0.000004,0.000305,0.000002,0,1,0,0,0.207186,0.000000,0,8
1,16.200012,-1.950001,9.000000,0.299999,-0.599976,-0.000004,0.000671,0.000001,0,1,0,0,0.143965,0.000000,0,9
1,12.000000,0.599998,4.200012,1.350002,-4.799988,1.050003,0.000488,0.000001,0,1,0,0,0.105105,0.000000,0,10
1,-1.349976,-1.500000,10.650024,0.900002,6.450012,-0.450001,0.000031,0.000000,0,1,0,0,0.069741,0.000000,0,11
1,-11.400024,-1.349998,10.050049,0.150002,-0.599976,-0.750000,0.000488,0.000001,0,1,0,0,0.037678,0.000000,0,12
1,-8.250000,-1.799999,3.150024,0.450001,-6.900024,0.299999,0.000336,0.000000,0,0,0,0,0.037678,0.000000,0,13
1,5.400024,-2.550001,2.849976,0.750002,-0.300049,0.300001,0.000244,0.000002,0,1,0,0,0.003576,0.000000,1,0
1,31.940063,-1.773905,26.540039,0.776096,23.690063,0.026094,0.008636,0.026095,0,1,0,0,0.032987,0.000000,0,1
1,14.099976,-3.900000,17.840088,2.126095,-8.699951,1.349998,0.000549,0.000000,0,1,0,0,0.053117,0.000000,0,2
1,15.450012,-1.950001,1.350037,1.949999,-16.490051,-0.176096,0.000641,0.000001,0,1,0,0,0.073796,0.000000,0,3
1,2.400024,-1.200001,13.049988,0.750000,11.699951,-1.199999,0.000122,0.000001,0,1,0,0,0.092633,0.000000,0,4
1,-12.750000,-3.600000,10.349976,2.400000,-2.700012,1.650000,0.000519,0.000001,0,1,0,0,0.109321,0.000000,0,5
1,-16.200012,-1.350000,3.450012,2.250000,-6.899963,-0.150000,0.000671,0.000001,1,1,0,0,0.124320,0.000000,0,6
1,-4.799988,-4.350000,11.400024,3.000000,7.950012,0.750000,0.000183,0.000001,0,1,0,0,0.155019,0.000000,0,7
1,-4.799988,-3.150000,0.000000,1.200000,-11.400024,-1.800000,0.000183,0.000001,0,1,0,0,0.109759,0.000000,0,8
1,-1.049988,-0.300000,3.750000,2.850000,3.750000,1.650000,0.000031,0.000000,0,1,0,0,0.125254,0.000000,0,9
1,-22.500000,-0.300000,21.450012,0.000000,17.700012,-2.850000,0.000916,0.000000,0,1,0,0,0.136370,0.000000,0,10
1,-26.400024,-1.050000,3.900024,0.750000,-17.549988,0.750000,0.001099,0.000000,0,1,0,0,0.140939,0.000000,0,11
1,-11.099976,0.000000,15.300049,1.050000,11.400024,0.300000,0.000427,0.000000,0,0,0,0,0.125649,0.000000,0,12
1,7.650024,0.000000,3.449951,0.000000,-11.850098,-1.050000,0.000336,0.000000,0,1,0,0,0.114341,0.000000,1,0
1,12.340271,12.328667,4.690247,12.328667,1.240295,12.328667,0.040771,0.028669,0,1,0,0,0.112239,0.000000,0,1
1,16.799988,-3.300000,4.459717,9.028666,-0.230530,-3.300000,0.000671,0.000001,0,1,0,0,0.121794,0.000000,0,2
1,11.099976,-2.550000,5.700012,0.750000,1.240295,-8.278666,0.000427,0.000001,0,1,0,0,0.122412,0.000000,0,3
1,-4.650024,-2.850000,6.449951,0.300000,0.749939,-0.450000,0.000214,0.000001,0,1,0,0,0.125497,0.000000,0,4
1,-16.200012,1.350000,11.549988,1.500000,5.100037,1.200000,0.000671,0.000001,1,1,0,0,0.126185,0.000000,0,5
1,-12.750000,-2.250000,3.450012,0.900000,-8.099976,-0.600000,0.000519,0.000000,0,1,0,0,0.087014,0.000000,0,6
1,2.400024,0.750000,10.349976,1.500000,6.899963,0.600000,0.000122,0.000000,0,1,0,0,0.072496,0.000000,0,7
1,3.599976,0.000000,1.199951,0.750000,-9.150024,-0.750000,0.000122,0.000000,0,1,0,0,0.091725,0.000000,0,8
1,-3.150024,0.450000,0.449951,0.450000,-0.750000,-0.300000,0.000153,0.000000,0,1,0,0,0.109178,0.000000,0,9
1,-14.400024,1.200000,11.250000,0.750000,10.800049,0.300000,0.000610,0.000000,0,1,0,0,0.123856,0.000000,0,10
1,-14.250000,3.150001,0.150024,1.950001,-11.099976,1.200001,0.000580,0.000001,0,0,0,0,0.135291,0.000000,0,11
1,-1.200012,3.450000,13.049988,0.299999,12.899963,-1.650002,0.000061,0.000000,0,1,0,0,0.132828,0.000000,1,0
1,21.328918,2.140100,20.128906,1.309899,7.078918,1.009900,0.029785,0.040101,0,1,0,0,0.140833,0.000000,0,1
1,12.750000,0.000000,8.578918,2.140100,-11.549988,0.830201,0.000519,0.000000,0,0,0,0,0.153307,0.000000,0,2
1,16.200012,0.000000,3.450012,0.000000,-5.128906,-2.140100,0.000671,0.000000,0,1,0,0,0.164215,0.000000,0,3
1,4.650024,2.550001,11.549988,2.550001,8.099976,2.550001,0.000214,0.000002,0,1,0,0,0.165916,0.000000,0,4
1,-11.099976,0.900000,6.449951,1.650002,-5.100037,-0.900000,0.000427,0.000000,1,0,0,0,0.166698,0.000000,0,5
1,-16.799988,0.600000,5.700012,0.299999,-0.749939,-1.350002,0.000671,0.000000,0,0,0,0,0.121457,0.000000,0,6
1,-6.900024,4.350000,9.899963,3.750000,4.199951,3.450001,0.000305,0.000001,0,1,0,0,0.067940,0.000000,0,7
1,32.099976,4.350000,25.199951,0.000000,15.299988,-3.750000,0.001282,0.000001,0,1,0,0,0.065036,0.000000,0,8
1,25.950012,1.799999,6.149963,2.550001,-19.049988,2.550001,0.001068,0.000000,0,1,0,0,0.079532,0.000000,0,9
1,-7.650024,4.350002,18.299988,2.550003,12.150024,0.000002,0.000336,0.000003,0,1,0,0,0.093823,0.000000,0,10
1,-16.500000,3.450001,8.849976,0.900002,-9.450012,-1.650002,0.000671,0.000001,0,0,0,0,0.105082,0.000000,0,11
1,-10.799988,1.650002,5.700012,1.799999,-3.149963,0.899998,0.000427,0.000002,0,1,0,0,0.121096,0.000000,1,0
1,2.215332,-11.314144,8.584656,9.664143,2.884644,7.864143,0.034576,0.064146,0,1,0,0,0.125336,0.000000,0,1
1,4.799988,2.250000,2.584656,9.064144,-6.000000,-0.599998,0.000183,0.000000,0,1,0,0,0.136614,0.000000,0,2
1,16.200012,-0.450001,11.400024,1.799999,8.815369,-7.264145,0.000671,0.000001,0,1,0,0,0.140238,0.000000,0,3
1,12.750000,-0.750000,3.450012,0.299999,-7.950012,-1.500000,0.000519,0.000000,0,1,0,0,0.149338,0.000000,0,4
1,-2.549988,-1.049999,10.200012,0.299999,6.750000,0.000000,0.000092,0.000001,1,1,0,0,0.158202,0.000000,0,5
1,-15.450012,-1.350000,12.900024,0.300001,2.700012,0.000002,0.000641,0.000001,0,1,0,0,0.398854,0.000000,0,6
1,-14.099976,-1.650000,1.350037,0.299999,-11.549988,-0.000002,0.000549,0.000000,0,1,0,0,0.231966,0.000000,0,7
1,-17.700012,-1.950001,3.600037,0.300001,2.250000,0.000002,0.000732,0.000001,0,1,0,0,0.220559,0.000000,0,8
1,13.950012,1.650000,3.750000,0.300001,0.149963,0.000000,0.000580,0.000000,0,1,0,0,0.217845,0.000000,0,9
1,0.900024,-2.550001,13.049988,0.900002,9.299988,0.600000,0.000061,0.000002,0,1,0,0,0.217331,0.000000,0,10
1,-13.049988,-2.400000,12.149963,0.150002,-0.900024,-0.750000,0.000519,0.000000,0,0,0,0,0.214285,0.000000,0,11
1,-15.150024,0.450001,2.100037,1.949999,-10.049927,1.799997,0.000641,0.000001,0,1,0,0,0.188697,0.000000,1,0
1,4.337158,-0.395159,10.812866,0.054842,8.712830,-1.895157,0.012665,0.054841,0,1,0,0,0.184888,0.000000,0,1
1,-4.500000,-2.100000,0.162842,1.704842,-10.650024,1.650000,0.000183,0.000001,0,1,0,0,0.185739,0.000000,0,2
1,11.250000,0.000000,6.750000,2.100000,6.587158,0.395159,0.000458,0.000000,0,1,0,0,0.383657,0.000000,0,3
1,16.650024,-2.250000,5.400024,2.250000,-1.349976,0.150000,0.000702,0.000000,0,1,0,0,0.327069,0.000000,0,4
1,6.750000,-0.900000,9.900024,1.350000,4.500000,-0.900000,0.000275,0.000000,0,1,0,0,0.274588,0.000000,0,5
1,-9.299988,-4.350000,2.549988,3.450001,-7.350037,2.100000,0.000366,0.000001,1,1,0,0,0.229979,0.000000,0,6
1,-16.950012,-4.350000,7.650024,0.000000,5.100037,-3.450001,0.000702,0.000001,0,1,0,0,0.168190,0.000000,0,7
1,-4.349976,-0.450000,12.600037,3.900001,4.950012,3.900001,0.000153,0.000000,0,1,0,0,0.117597,0.000000,0,8
1,16.200012,-4.350000,11.850037,3.900001,-0.750000,0.000000,0.000671,0.000001,0,1,0,0,0.131338,0.000000,0,9
1,9.900024,-0.450000,6.299988,3.900001,-5.550049,0.000000,0.000427,0.000000,0,1,0,0,0.142912,0.000000,0,10
1,-5.099976,-4.350000,4.800049,3.900001,-1.499939,0.000000,0.000183,0.000001,0,1,0,0,0.154938,0.000000,0,11
1,-15.599976,-0.150000,10.500000,4.200000,5.699951,0.300000,0.000610,0.000000,0,1,0,0,0.166993,0.000000,0,12
1,-10.349976,0.000000,5.250000,0.150000,-5.250000,-4.050000,0.000397,0.000000,0,0,0,0,0.177588,0.000000,0,13
1,4.500000,0.000000,5.849976,0.000000,0.599976,-0.150000,0.000183,0.000000,0,1,0,0,0.179199,0.000000,1,0
1,15.215149,4.848207,10.715149,4.848207,4.865173,4.848207,0.065765,0.048208,0,1,0,0,0.182299,0.000000,0,1
1,15.450012,-1.050000,0.234863,3.798207,-10.480286,-1.050000,0.000641,0.000000,0,0,0,0,0.188751,0.000000,0,2
1,14.099976,-1.350000,1.350037,0.300000,1.115173,-3.498207,0.000549,0.000000,0,0,0,0,0.376914,0.000000,0,3
1,-0.299988,-0.450000,13.799988,0.900000,12.449951,0.600000,0.000000,0.000000,1,1,0,0,0.332653,0.000000,0,4
1,-14.400024,-0.900000,14.100037,0.450000,0.300049,-0.450000,0.000610,0.000000,0,1,0,0,0.008490,0.000000,0,5
1,-15.299988,0.750000,0.899963,0.150000,-13.200073,-0.300000,0.000610,0.000000,0,1,0,0,0.030268,0.000000,0,6
1,-1.950012,-0.150000,13.349976,0.600000,12.450012,0.450000,0.000092,0.000000,0,1,0,0,0.053538,0.000000,0,7
1,18.599976,-1.650000,16.649963,1.500000,3.299988,0.900000,0.000732,0.000000,0,1,0,0,0.073974,0.000000,0,8
1,3.450012,2.550000,15.149963,0.900000,-1.500000,-0.600000,0.000153,0.000001,0,1,0,0,0.092715,0.000000,0,9
1,-11.549988,-0.450000,8.099976,2.100000,-7.049988,1.200000,0.000458,0.000000,0,1,0,0,0.110367,0.000000,0,10
1,-15.450012,3.150000,3.900024,2.700000,-4.199951,0.600000,0.000641,0.000001,0,1,0,0,0.125606,0.000000,0,11
1,-5.250000,3.300000,10.200012,0.150000,6.299988,-2.550000,0.000214,0.000001,0,1,0,0,0.139239,0.000000,0,12
1,10.200012,-0.150000,4.950012,3.150001,-5.250000,3.000001,0.000427,0.000000,0,0,0,0,0.152637,0.000000,0,13
1,16.500000,0.000000,6.299988,0.150000,1.349976,-3.000001,0.000671,0.000000,0,1,0,0,0.161002,0.000000,1,0
1,0.417480,2.487476,16.082520,2.487476,9.782532,2.337477,0.032501,0.062523,0,1,0,0,0.375543,0.000000,0,1
1,8.849976,0.900000,8.432495,1.587477,-7.650024,-0.900000,0.000336,0.000000,1,1,0,0,0.319798,0.000000,0,2
1,-7.349976,0.300000,1.500000,0.599999,-6.932495,-0.987477,0.000275,0.000000,0,1,0,0,0.071651,0.000000,0,3
1,-16.799988,2.850000,9.450012,2.550000,7.950012,1.950001,0.000671,0.000001,0,1,0,0,0.063408,0.000000,0,4
1,-10.799988,0.900000,6.000000,1.950001,-3.450012,-0.599999,0.000427,0.000000,0,1,0,0,0.076502,0.000000,0,5
1,5.099976,4.350000,5.700012,3.450001,-0.299988,1.500000,0.000183,0.000001,0,1,0,0,0.090766,0.000000,0,6
1,16.349976,4.050001,11.250000,0.299999,5.549988,-3.150002,0.000641,0.000002,0,1,0,0,0.108597,0.000000,0,7
1,27.150024,3.750000,10.800049,0.300001,-0.449951,0.000002,0.001129,0.000001,0,1,0,0,0.122484,0.000000,0,8
1,-15.299988,3.900000,11.850037,0.150000,1.049988,-0.150002,0.000610,0.000000,0,1,0,0,0.137324,0.000000,0,9
1,-12.750000,1.799999,2.549988,2.100000,-9.300049,1.950001,0.000519,0.000000,0,1,0,0,0.150783,0.000000,0,10
1,1.349976,0.000000,11.400024,1.799999,8.850037,-0.300001,0.000031,0.000000,0,1,0,0,0.163135,0.000000,0,11
1,15.150024,-0.150002,13.800049,0.150002,2.400024,-1.649998,0.000641,0.000002,0,1,0,0,0.174039,0.000000,0,12
1,15.450012,-0.450001,0.299988,0.299999,-13.500061,0.149998,0.000641,0.000001,0,1,0,0,0.182287,0.000000,0,13
1,2.400024,-0.599998,13.049988,0.149998,12.750000,-0.150002,0.000122,0.000001,1,1,0,0,0.189952,0.000000,0,14
1,-11.700012,-0.900002,9.299988,0.300003,-3.750000,0.150005,0.000488,0.000002,0,1,0,0,0.129677,0.000000,0,15
1,-13.950012,-1.200001,2.250000,0.299999,-7.049988,-0.000004,0.000580,0.000001,0,1,0,0,0.079107,0.000000,0,16
1,-2.400024,-1.500000,11.549988,0.299999,9.299988,0.000000,0.000122,0.000000,0,1,0,0,0.087996,0.000000,0,17
1,12.750000,-1.650000,10.349976,0.150000,-1.200012,-0.150000,0.000519,0.000000,0,1,0,0,0.078503,0.000000,0,18
1,18.750000,1.500000,6.000000,0.150000,-4.349976,0.000000,0.000763,0.000000,0,1,0,0,0.070231,0.000000,0,19
1,8.849976,0.299999,9.900024,1.200001,3.900024,1.050001,0.000336,0.000001,0,0,0,0,0.068318,0.000000,0,20
1,-8.849976,-0.900000,0.000000,0.600000,-9.900024,-0.600000,0.000336,0.000000,0,1,0,0,0.062169,0.000000,1,0
1,7.195801,-2.924082,1.654175,2.024082,1.654175,1.424082,0.003906,0.074082,0,1,0,0,0.066553,0.000000,0,1
1,-16.950012,-2.250000,9.754211,0.674082,8.100037,-1.350000,0.000702,0.000000,0,1,0,0,0.082761,0.000000,0,2
1,-8.700012,-3.600000,8.250000,1.350000,-1.504211,0.675919,0.000366,0.000001,0,1,0,0,0.100049,0.000000,0,3
1,7.500000,-1.500000,1.200012,2.100000,-7.049988,0.750000,0.000305,0.000000,0,1,0,0,0.115378,0.000000,0,4
1,16.799988,-3.000000,9.299988,1.500000,8.099976,-0.600000,0.000671,0.000000,1,1,0,0,0.127306,0.000000,0,5
1,10.650024,-0.150000,6.149963,2.850000,-3.150024,1.350000,0.000458,0.000000,0,1,0,0,0.426026,0.000000,0,6
1,-5.250000,-0.300000,5.400024,0.150001,-0.749939,-2.700000,0.000214,0.000000,0,1,0,0,0.258032,0.000000,0,7
1,-4.500000,-0.300000,0.750000,0.000000,-4.650024,-0.150001,0.000183,0.000000,0,1,0,0,0.260286,0.000000,0,8
1,17.250000,-4.350000,12.750000,4.050000,12.000000,4.050000,0.000702,0.000001,0,1,0,0,0.260009,0.000000,0,9
1,26.250000,-0.450000,9.000000,3.900001,-3.750000,-0.150000,0.001068,0.000000,0,1,0,0,0.262607,0.000000,0,10
1,19.349976,-4.350000,6.900024,3.900001,-2.099976,0.000000,0.000763,0.000001,0,0,0,0,0.263583,0.000000,0,11
1,2.700012,-1.800000,16.649963,2.550000,9.749939,-1.350000,0.000122,0.000000,0,1,0,0,0.263273,0.000000,1,0
1,15.294312,-2.607101,12.594299,0.807101,-4.055664,-1.742900,0.005066,0.057101,0,1,0,0,0.255601,0.000000,0,1
1,-14.549988,-0.150000,0.744324,2.457101,-11.849976,1.650000,0.000580,0.000000,0,1,0,0,0.244132,0.000000,0,2
1,-15.150024,-1.500000,0.600037,1.350000,-0.144287,-1.107101,0.000641,0.000000,0,1,0,0,0.240784,0.000000,0,3
1,-1.650024,-2.850000,13.500000,1.350000,12.899963,-0.000000,0.000092,0.000001,0,1,0,0,0.223210,0.000000,0,4
1,13.200012,-3.450000,11.549988,0.600000,-1.950012,-0.750000,0.000549,0.000001,1,1,0,0,0.221633,0.000000,0,5
1,16.049988,0.600000,2.849976,2.850000,-8.700012,2.250000,0.000641,0.000000,0,1,0,0,0.468540,0.000000,0,6
1,4.049988,0.900000,12.000000,0.300000,9.150024,-2.550000,0.000153,0.000000,0,1,0,0,0.279080,0.000000,0,7
1,1.950012,-1.500000,2.099976,0.600000,-9.900024,0.300000,0.000092,0.000000,0,1,0,0,0.277270,0.000000,0,8
1,12.450012,-2.400001,10.500000,0.900001,8.400024,0.300001,0.000519,0.000001,0,1,0,0,0.257095,0.000000,0,9
1,27.150024,1.800000,14.700012,0.600000,4.200012,-0.300000,0.001129,0.000000,0,1,0,0,0.207988,0.000000,0,10
1,28.049988,2.100000,0.899963,0.300000,-13.800049,-0.300000,0.001129,0.000001,0,1,0,0,0.166077,0.000000,0,11
1,12.900024,2.400000,15.149963,0.300000,14.250000,-0.000000,0.000549,0.000000,0,1,0,0,0.132858,0.000000,0,12
1,-6.750000,2.700000,6.150024,0.300000,-8.999939,0.000000,0.000275,0.000001,0,1,0,0,0.103226,0.000000,0,13
1,-15.750000,3.000000,9.000000,0.300000,2.849976,-0.000000,0.000641,0.000001,0,1,0,0,0.074657,0.000000,0,14
1,-9.299988,3.300000,6.450012,0.300000,-2.549988,0.000000,0.000366,0.000001,0,1,0,0,0.050522,0.000000,0,15
1,6.299988,3.600000,3.000000,0.299999,-3.450012,-0.000001,0.000244,0.000000,0,1,0,0,0.041927,0.000000,0,16
1,16.049988,3.750000,9.750000,0.150000,6.750000,-0.149999,0.000641,0.000001,0,1,0,0,0.054354,0.000000,0,17
1,10.500000,2.700001,5.549988,1.049999,-4.200012,0.899999,0.000427,0.000001,0,1,0,0,0.073265,0.000000,0,18
1,-4.950012,3.900000,5.549988,1.199999,0.000000,0.150000,0.000214,0.000000,0,1,0,0,0.091014,0.000000,0,19
1,-18.750000,0.299999,13.799988,3.600000,8.250000,2.400002,0.000763,0.000001,1,1,0,0,0.104931,0.000000,0,20
1,-17.700012,0.299999,1.049988,0.000000,-12.750000,-3.600000,0.000732,0.000001,0,1,0,0,0.346212,0.000000,0,21
1,-1.950012,1.350000,15.750000,1.050001,14.700012,1.050001,0.000092,0.000001,0,1,0,0,0.206562,0.000000,0,22
1,10.049988,1.049999,8.099976,0.300001,-7.650024,-0.750000,0.000397,0.000001,0,1,0,0,0.162529,0.000000,0,23
1,10.650024,0.750000,0.600037,0.299999,-7.499939,-0.000002,0.000458,0.000000,0,0,0,0,0.123333,0.000000,0,24
1,-3.750000,3.600000,6.900024,2.850000,6.299988,2.550001,0.000153,0.000001,0,1,0,0,0.112233,0.000000,1,0
1,-24.818604,-25.477598,21.068604,21.877598,14.168579,19.027597,0.069611,0.022398,0,1,0,0,0.083034,0.000000,0,1
1,-13.349976,0.150000,11.468628,25.327599,-9.599976,3.450001,0.000519,0.000000,0,1,0,0,0.054334,0.000000,0,2
1,-16.049988,2.550000,2.700012,2.400000,-8.768616,-22.927599,0.000641,0.000001,0,1,0,0,0.024514,0.000000,0,3
1,-3.900024,1.050000,12.149963,1.500000,9.449951,-0.900000,0.000183,0.000000,1,1,0,0,0.012044,0.000000,0,4
1,11.700012,-0.300000,7.799988,0.750000,-4.349976,-0.750000,0.000488,0.000000,1,1,0,0,0.137843,0.000000,0,5
1,16.650024,1.350000,4.950012,1.050000,-2.849976,0.300000,0.000702,0.000000,0,1,0,0,0.399776,0.000000,0,6
1,6.299988,-0.750000,10.350037,0.600000,5.400024,-0.450000,0.000244,0.000000,0,1,0,0,0.243440,0.000000,0,7
1,-13.200012,1.650001,6.900024,0.900001,-3.450012,0.300001,0.000549,0.000001,0,1,0,0,0.246936,0.000000,0,8
1,-7.200012,-1.500000,6.000000,0.150001,-0.900024,-0.750000,0.000305,0.000000,0,1,0,0,0.249744,0.000000,0,9
1,8.400024,-1.800000,1.200012,0.300000,-4.799988,0.150000,0.000366,0.000000,0,1,0,0,0.252736,0.000000,0,10
1,16.349976,1.800000,7.949951,0.000000,6.749939,-0.300000,0.000641,0.000000,0,0,0,0,0.254715,0.000000,0,11
1,9.000000,1.500000,7.349976,0.300000,-0.599976,0.300000,0.000366,0.000000,0,1,0,0,0.231790,0.000000,1,0
1,-8.977417,-2.203624,0.022583,0.703624,-7.327393,0.403624,0.022217,0.046376,0,1,0,0,0.230048,0.000000,0,1
1,-5.549988,0.450000,3.427429,1.753624,3.404846,1.050000,0.000214,0.000000,0,1,0,0,0.226404,0.000000,0,2
1,-16.500000,0.300000,10.950012,0.150000,7.522583,-1.603624,0.000671,0.000000,0,0,0,0,0.228922,0.000000,0,3
1,-12.150024,0.000000,4.349976,0.300000,-6.600037,0.150001,0.000519,0.000000,0,0,0,0,0.222318,0.000000,0,4
1,3.150024,-3.600000,9.000000,3.600000,4.650024,3.300000,0.000153,0.000001,1,1,0,0,0.213607,0.000000,0,5
1,15.750000,0.000000,12.599976,3.600000,3.599976,0.000000,0.000641,0.000000,0,1,0,0,0.500125,0.000000,0,6
1,13.650024,-0.300000,2.099976,0.300000,-10.500000,-3.300000,0.000580,0.000000,0,1,0,0,0.293581,0.000000,0,7
1,-7.049988,-4.200000,6.600037,3.900000,4.500061,3.600000,0.000275,0.000001,0,1,0,0,0.290116,0.000000,0,8
1,-13.799988,-0.300000,6.750000,3.900000,0.149963,-0.000000,0.000549,0.000000,0,1,0,0,0.285924,0.000000,0,9
1,-0.599976,-0.450000,13.200012,0.150000,6.450012,-3.750000,0.000000,0.000000,0,1,0,0,0.282560,0.000000,0,10
1,11.549988,-0.450000,10.950012,0.000000,-2.250000,-0.150000,0.000458,0.000000,0,0,0,0,0.281733,0.000000,0,11
1,9.599976,-0.450000,1.950012,0.000000,-9.000000,0.000000,0.000366,0.000000,0,1,0,0,0.256377,0.000000,1,0
1,-25.957275,-3.878057,16.357300,3.428057,14.407288,3.428057,0.008331,0.021942,0,1,0,0,0.137277,0.000000,0,1
1,3.750000,-4.200001,22.207275,0.321943,5.849976,-3.106114,0.000153,0.000001,0,1,0,0,0.099451,0.000000,0,2
1,-11.700012,-0.150000,7.950012,4.050001,-14.257263,3.728058,0.000488,0.000000,0,1,0,0,0.065555,0.000000,0,3
1,-16.650024,0.000000,4.950012,0.150000,-3.000000,-3.900002,0.000702,0.000000,0,1,0,0,0.058807,0.000000,0,4
1,-6.150024,0.150000,10.500000,0.150000,5.549988,0.000000,0.000275,0.000000,0,1,0,0,0.065980,0.000000,0,5
1,9.900024,0.300000,3.750000,0.150001,-6.750000,0.000001,0.000427,0.000000,0,0,0,0,0.076198,0.000000,0,6
1,16.950012,-2.700000,7.049988,2.400000,3.299988,2.249999,0.000702,0.000000,0,1,0,0,0.094150,0.000000,0,7
1,-16.799988,0.600000,0.150024,2.099999,-6.899963,-0.300000,0.000671,0.000000,1,1,0,0,0.101911,0.000000,0,8
1,-8.849976,-2.400001,7.950012,1.800000,7.799988,-0.299999,0.000336,0.000001,0,1,0,0,0.371498,0.000000,0,9
1,0.900024,1.350000,7.949951,1.050000,-0.000061,-0.750000,0.000061,0.000001,0,1,0,0,0.228004,0.000000,0,10
1,14.250000,1.650001,13.349976,0.300000,5.400024,-0.750000,0.000580,0.000001,0,1,0,0,0.132472,0.000000,0,11
1,22.049988,2.100000,7.799988,0.450000,-5.549988,0.150000,0.000885,0.000001,0,1,0,0,0.112869,0.000000,0,12
1,14.549988,2.400000,7.500000,0.300000,-0.299988,-0.150000,0.000580,0.000000,0,1,0,0,0.079148,0.000000,0,13
1,-1.500000,2.700000,13.049988,0.300000,5.549988,0.000000,0.000061,0.000001,0,1,0,0,0.050703,0.000000,0,14
1,-14.400024,3.000000,12.900024,0.300000,-0.149963,-0.000000,0.000610,0.000001,0,1,0,0,0.037721,0.000000,0,15
1,-12.150024,3.150000,2.250000,0.150000,-10.650024,-0.150000,0.000519,0.000001,0,0,0,0,0.046314,0.000000,0,16
1,2.099976,3.450000,10.050049,0.300000,7.800049,0.150000,0.000061,0.000001,0,1,0,0,0.042146,0.000000,1,0
1,8.519287,10.726311,6.419312,7.276310,-3.630737,6.976311,0.030365,0.073688,0,1,0,0,0.051623,0.000000,0,1
1,14.849976,3.900000,6.330688,6.826311,-0.088623,-0.449999,0.000580,0.000000,0,1,0,0,0.065395,0.000000,0,2
1,14.849976,3.000000,0.000000,0.900000,-6.330688,-5.926311,0.000580,0.000000,0,1,0,0,0.085436,0.000000,0,3
1,1.200012,0.299999,13.649963,2.700001,13.649963,1.800001,0.000061,0.000001,0,1,0,0,0.103678,0.000000,0,4
1,-13.500000,2.100000,12.299988,1.800001,-1.349976,-0.900000,0.000549,0.000001,0,1,0,0,0.181954,0.000000,0,5
1,-15.900024,2.700001,2.400024,0.600000,-9.899963,-1.200001,0.000671,0.000001,1,1,0,0,0.141529,0.000000,0,6
1,-3.599976,0.450001,12.300049,2.250000,9.900024,1.650000,0.000122,0.000001,0,1,0,0,0.216923,0.000000,0,7
1,21.150024,4.350000,17.550049,3.900000,5.250000,1.650000,0.000885,0.000001,0,1,0,0,0.139845,0.000000,0,8
1,6.150024,2.400000,15.000000,1.950001,-2.550049,-1.949999,0.000275,0.000000,0,1,0,0,0.148622,0.000000,0,9
1,-8.700012,2.099998,2.549988,0.300001,-12.450012,-1.650000,0.000366,0.000001,0,1,0,0,0.159434,0.000000,0,10
1,-13.500000,2.700001,4.799988,0.600002,2.250000,0.300001,0.000549,0.000001,0,1,0,0,0.167438,0.000000,0,11
1,-3.450012,2.700001,10.049988,0.000000,5.250000,-0.600002,0.000153,0.000001,0,0,0,0,0.175002,0.000000,0,12
1,8.549988,0.000000,5.099976,2.700001,-4.950012,2.700001,0.000336,0.000000,0,1,0,0,0.172041,0.000000,1,0
1,11.986816,-0.385750,3.436829,0.385750,-1.663147,-2.314251,0.012695,0.064250,0,1,0,0,0.170788,0.000000,0,1
1,16.950012,3.150002,4.963196,2.764252,1.526367,2.378502,0.000702,0.000002,0,1,0,0,0.170268,0.000000,0,2
1,10.200012,3.000000,6.750000,0.150002,1.786804,-2.614250,0.000427,0.000000,0,1,0,0,0.192547,0.000000,0,3
1,-5.849976,0.299999,4.350037,2.700001,-2.399963,2.549999,0.000214,0.000001,0,1,0,0,0.167901,0.000000,0,4
1,-16.500000,-1.349998,10.650024,1.049999,6.299988,-1.650002,0.000671,0.000001,0,1,0,0,0.137562,0.000000,0,5
1,-12.000000,-1.650002,4.500000,0.300003,-6.150024,-0.749996,0.000488,0.000002,1,1,0,0,0.102082,0.000000,0,6
1,3.450012,-1.950001,8.549988,0.299999,4.049988,-0.000004,0.000153,0.000001,0,1,0,0,0.263318,0.000000,0,7
1,33.450012,0.150002,30.000000,1.799999,21.450012,1.500000,0.001373,0.000002,0,1,0,0,0.151464,0.000000,0,8
1,8.700012,-2.549999,24.750000,2.399998,-5.250000,0.599998,0.000366,0.000000,0,1,0,0,0.146014,0.000000,0,9
1,-9.299988,0.150002,0.599976,2.399998,-24.150024,0.000000,0.000366,0.000002,0,1,0,0,0.148490,0.000000,0,10
1,-10.799988,-0.750000,1.500000,0.599998,0.900024,-1.799999,0.000427,0.000000,0,1,0,0,0.156398,0.000000,0,11
1,3.150024,0.000000,7.649963,0.750000,6.149963,0.150002,0.000153,0.000000,0,0,0,0,0.164205,0.000000,0,12
1,18.599976,-0.900002,15.449951,0.900002,7.799988,0.150002,0.000732,0.000002,0,1,0,0,0.149932,0.000000,1,0
1,0.247314,0.437443,18.352661,0.462559,2.902710,-0.437443,0.052673,0.012557,0,1,0,0,0.189549,0.000000,0,1
1,15.900024,-1.349998,15.652710,0.912556,-2.699951,0.449997,0.000671,0.000001,0,1,0,0,0.153255,0.000000,0,2
1,3.450012,-1.650002,12.450012,0.300003,-3.202698,-0.612553,0.000153,0.000002,0,1,0,0,0.123935,0.000000,0,3
1,-12.000000,-1.500000,8.549988,0.150002,-3.900024,-0.150002,0.000488,0.000000,0,1,0,0,0.096554,0.000000,0,4
1,-16.500000,-3.600000,4.500000,2.100000,-4.049988,1.949999,0.000671,0.000001,0,1,0,0,0.062486,0.000000,0,5
1,-5.849976,-4.350000,10.650024,0.750000,6.150024,-1.350000,0.000214,0.000001,0,1,0,0,0.032363,0.000000,0,6
1,10.200012,-3.900000,4.350037,0.450001,-6.299988,-0.299999,0.000427,0.000000,1,1,0,0,0.006615,0.000000,0,7
1,18.000000,-4.200001,7.799988,0.300001,3.449951,-0.150000,0.000732,0.000001,0,1,0,0,0.322871,0.000000,0,8
1,-7.950012,-2.700001,10.049988,1.500000,2.250000,1.199999,0.000336,0.000001,0,1,0,0,0.201583,0.000000,0,9
1,-15.150024,-2.250000,7.200012,0.450001,-2.849976,-1.049999,0.000641,0.000000,0,1,0,0,0.207181,0.000000,0,10
1,-7.950012,-0.300000,7.200012,1.950000,0.000000,1.499999,0.000336,0.000000,0,1,0,0,0.213509,0.000000,0,11
1,7.349976,-3.900001,0.600037,3.600000,-6.599976,1.650001,0.000275,0.000001,0,1,0,0,0.218626,0.000000,0,12
1,16.349976,-2.100000,9.000000,1.800000,8.399963,-1.800000,0.000641,0.000001,0,0,0,0,0.220591,0.000000,0,13
1,10.650024,0.450000,5.699951,1.650001,-3.300049,-0.150000,0.000458,0.000000,0,1,0,0,0.203500,0.000000,1,0
1,-9.032227,-3.134311,1.617798,2.684311,-4.082153,1.034311,0.032593,0.015688,0,1,0,0,0.203327,0.000000,0,1
1,-3.750000,1.050000,5.282227,2.084311,3.664429,-0.600000,0.000153,0.000000,0,1,0,0,0.193322,0.000000,0,2
1,-15.900024,1.350000,12.150024,0.300000,6.867798,-1.784311,0.000671,0.000000,0,1,0,0,0.211208,0.000000,0,3
1,-13.500000,1.650001,2.400024,0.300001,-9.750000,0.000001,0.000549,0.000001,0,1,0,0,0.198792,0.000000,0,4
1,1.349976,1.950000,12.150024,0.299999,9.750000,-0.000001,0.000031,0.000000,1,1,0,0,0.191091,0.000000,0,5
1,14.849976,2.250000,13.500000,0.300000,1.349976,0.000001,0.000580,0.000000,0,1,0,0,0.462160,0.000000,0,6
1,14.700012,0.450000,0.149963,1.800000,-13.350037,1.500000,0.000610,0.000000,0,0,0,0,0.270881,0.000000,0,7
1,-31.049988,2.849999,16.349976,2.400000,16.200012,0.599999,0.001251,0.000000,0,1,0,0,0.235370,0.000000,0,8
1,-32.849976,3.150000,1.799988,0.300000,-14.549988,-2.099999,0.001312,0.000000,0,1,0,0,0.211286,0.000000,0,9
1,-33.000000,3.000000,0.150024,0.150000,-1.649963,-0.150001,0.001343,0.000000,0,1,0,0,0.177194,0.000000,0,10
1,3.150024,-0.150000,29.849976,2.850000,29.699951,2.700001,0.000153,0.000000,0,1,0,0,0.150399,0.000000,0,11
1,8.700012,0.000000,5.549988,0.150000,-24.299988,-2.700001,0.000366,0.000000,0,1,0,0,0.234227,0.000000,0,12
1,-4.500000,4.050001,4.200012,4.050001,-1.349976,3.900002,0.000183,0.000002,0,1,0,0,0.187251,0.000000,0,13
1,-21.750000,0.150000,17.250000,3.900002,13.049988,-0.150000,0.000885,0.000000,0,1,0,0,0.147762,0.000000,0,14
1,-27.750000,3.150000,6.000000,3.000000,-11.250000,-0.900002,0.001129,0.000000,0,0,0,0,0.123365,0.000000,0,15
1,-14.549988,0.450001,13.200012,2.699999,7.200012,-0.300001,0.000580,0.000001,0,1,0,0,0.130004,0.000000,1,0
1,33.947632,-8.772608,19.397644,8.322607,6.197632,5.622608,0.049011,0.072609,0,0,0,0,0.109473,0.000000,0,1
1,8.250000,2.550001,25.697632,6.222607,6.299988,-2.100000,0.000336,0.000002,0,0,0,0,0.109093,0.000000,0,2
1,16.950012,3.150000,8.700012,0.599998,-16.997620,-5.622608,0.000702,0.000000,0,0,0,0,0.105066,0.000000,0,3
1,9.900024,2.850000,7.049988,0.299999,-1.650024,-0.299999,0.000427,0.000001,0,0,0,0,0.101666,0.000000,0,4
1,-6.150024,0.150000,3.750000,2.700001,-3.299988,2.400002,0.000275,0.000000,0,1,0,0,0.412082,0.000000,0,5
1,-16.650024,0.000000,10.500000,0.150000,6.750000,-2.550001,0.000702,0.000000,1,1,0,0,0.355534,0.000000,0,6
1,-11.700012,0.000000,4.950012,0.000000,-5.549988,-0.150000,0.000488,0.000000,0,1,0,0,0.026851,0.000000,0,7
1,2.700012,-0.150000,9.000000,0.150000,4.049988,0.150000,0.000122,0.000000,0,1,0,0,0.031096,0.000000,0,8
1,12.150024,-0.450001,9.450012,0.300001,0.450012,0.150002,0.000519,0.000001,0,1,0,0,0.050545,0.000000,0,9
1,-2.099976,-0.750000,10.050049,0.299999,0.600037,-0.000002,0.000061,0.000000,0,1,0,0,0.070578,0.000000,0,10
1,-14.400024,1.950001,12.300049,1.200001,2.250000,0.900002,0.000610,0.000001,0,1,0,0,0.089693,0.000000,0,11
1,-13.349976,0.750000,1.050049,1.200001,-11.250000,0.000000,0.000519,0.000000,0,1,0,0,0.106446,0.000000,0,12
1,0.150024,2.100000,13.199951,1.350000,12.149902,0.150000,0.000031,0.000001,0,1,0,0,0.121960,0.000000,0,13
1,13.799988,-1.349998,13.649963,0.750002,0.450012,-0.599998,0.000549,0.000001,0,0,0,0,0.136387,0.000000,0,14
1,14.700012,0.299999,0.900024,1.049999,-12.749939,0.299997,0.000610,0.000001,0,1,0,0,0.124113,0.000000,1,0
1,-11.312317,-5.153952,3.387695,4.853952,2.487671,3.803953,0.062775,0.053952,0,1,0,0,0.375936,0.000000,0,1
1,3.150024,-2.850000,8.162292,2.303951,4.774597,-2.550001,0.000153,0.000001,0,1,0,0,0.316912,0.000000,0,2
1,-12.150024,-3.150000,9.000000,0.299999,0.837708,-2.003952,0.000519,0.000000,0,1,0,0,0.271738,0.000000,0,3
1,-16.500000,-3.300001,4.349976,0.150002,-4.650024,-0.149998,0.000671,0.000002,1,1,0,0,0.239091,0.000000,0,4
1,-5.549988,-3.600000,10.950012,0.299999,6.600037,0.149998,0.000214,0.000001,0,1,0,0,0.194920,0.000000,0,5
1,10.349976,0.000000,4.799988,3.600000,-6.150024,3.300001,0.000397,0.000000,0,1,0,0,0.132337,0.000000,0,6
1,16.799988,-1.500000,6.450012,1.500000,1.650024,-2.100000,0.000671,0.000000,0,1,0,0,0.144992,0.000000,0,7
1,7.500000,-2.400001,9.299988,0.900001,2.849976,-0.599999,0.000305,0.000001,0,1,0,0,0.155916,0.000000,0,8
1,-15.750000,-2.250000,8.250000,0.150001,-1.049988,-0.750000,0.000641,0.000000,0,1,0,0,0.159432,0.000000,0,9
1,-7.349976,-0.300000,8.400024,1.950000,0.150024,1.799999,0.000275,0.000000,0,0,0,0,0.166278,0.000000,0,10
1,9.599976,-2.100000,2.250000,1.800000,-6.150024,-0.150000,0.000366,0.000001,0,1,0,0,0.151313,0.000000,0,11
1,19.650024,-4.350000,10.050049,2.250000,7.800049,0.450000,0.000824,0.000001,0,0,0,0,0.162585,0.000000,0,12
1,13.799988,-3.150000,5.850037,1.200000,-4.200012,-1.050000,0.000549,0.000001,0,1,0,0,0.147953,0.000000,1,0
1,-7.075317,-1.746083,6.724670,1.403917,0.874634,0.203917,0.025604,0.053916,0,1,0,0,0.115175,0.000000,0,1
1,-3.900024,-4.200000,3.175293,2.453917,-3.549377,1.050000,0.000183,0.000001,0,1,0,0,0.079975,0.000000,0,2
1,-16.049988,-3.600000,12.149963,0.600000,8.974670,-1.853916,0.000641,0.000000,0,1,0,0,0.052561,0.000000,0,3
1,-13.200012,-3.900001,2.849976,0.300001,-9.299988,-0.300000,0.000549,0.000001,0,1,0,0,0.040779,0.000000,0,4
1,1.650024,-1.799999,11.549988,2.100001,8.700012,1.800001,0.000092,0.000000,1,1,0,0,0.044655,0.000000,0,5
1,15.000000,0.450001,13.349976,1.349998,1.799988,-0.750003,0.000610,0.000001,0,1,0,0,0.331725,0.000000,0,6
1,14.549988,0.750000,0.450012,0.299999,-12.899963,-1.049999,0.000580,0.000000,0,1,0,0,0.206937,0.000000,0,7
1,13.200012,0.900000,1.349976,0.150000,0.899963,-0.150000,0.000549,0.000000,0,1,0,0,0.205046,0.000000,0,8
1,-12.000000,1.200000,1.200012,0.300000,-0.149963,0.150001,0.000488,0.000000,0,1,0,0,0.208158,0.000000,0,9
1,-0.450012,1.500000,11.549988,0.300000,10.349976,0.000000,0.000031,0.000000,0,1,0,0,0.211912,0.000000,0,10
1,13.500000,1.800000,13.049988,0.300000,1.500000,0.000000,0.000549,0.000000,0,0,0,0,0.213019,0.000000,0,11
1,17.549988,2.250000,4.049988,0.450000,-9.000000,0.150000,0.000702,0.000000,0,1,0,0,0.193848,0.000000,1,0
1,-1.608032,3.968112,15.941956,1.718112,11.891968,1.268112,0.041901,0.068112,0,1,0,0,0.189244,0.000000,0,1
1,5.400024,2.850000,3.791992,1.118111,-12.149963,-0.600000,0.000244,0.000001,0,1,0,0,0.188911,0.000000,0,2
1,-10.500000,3.000000,5.099976,0.150000,1.307983,-0.968112,0.000427,0.000000,0,1,0,0,0.179826,0.000000,0,3
1,-16.799988,3.300000,6.299988,0.300000,1.200012,0.150001,0.000671,0.000001,0,1,0,0,0.137913,0.000000,0,4
1,-7.650024,-0.300000,9.149963,3.000000,2.849976,2.700000,0.000336,0.000000,0,1,0,0,0.099510,0.000000,0,5
1,8.549988,3.600000,0.899963,3.300000,-8.250000,0.300000,0.000336,0.000001,0,1,0,0,0.065138,0.000000,0,6
1,16.950012,2.400001,8.400024,1.200000,7.500061,-2.100000,0.000702,0.000001,0,1,0,0,0.035039,0.000000,0,7
1,34.049988,2.400001,17.099976,0.000000,8.699951,-1.200000,0.001373,0.000001,0,1,0,0,0.008255,0.000000,0,8
1,-15.599976,4.350001,18.450012,1.950001,1.350037,1.950001,0.000610,0.000002,1,1,0,0,0.018954,0.000000,0,9
1,-10.049988,3.000000,5.549988,1.350001,-12.900024,-0.599999,0.000397,0.000000,0,1,0,0,0.343692,0.000000,0,10
1,4.950012,3.450001,5.099976,0.450001,-0.450012,-0.900001,0.000214,0.000001,0,1,0,0,0.213082,0.000000,0,11
1,15.750000,3.900000,10.799988,0.449999,5.700012,-0.000002,0.000641,0.000000,0,1,0,0,0.218121,0.000000,0,12
1,12.000000,1.650000,3.750000,2.250000,-7.049988,1.800001,0.000488,0.000000,0,1,0,0,0.221111,0.000000,0,13
1,-2.700012,4.350002,9.299988,2.700003,5.549988,0.450003,0.000122,0.000003,0,1,0,0,0.224864,0.000000,0,14
1,-15.150024,0.150002,12.450012,4.200001,3.150024,1.499998,0.000641,0.000002,0,1,0,0,0.230004,0.000000,0,15
1,-13.349976,2.849998,1.800049,2.699997,-10.649963,-1.500004,0.000519,0.000001,0,1,0,0,0.142513,0.000000,0,16
1,0.450012,0.599998,12.899963,2.250000,11.099915,-0.449997,0.000031,0.000001,0,0,0,0,0.104314,0.000000,0,17
1,13.950012,1.650002,13.500000,1.050003,0.600037,-1.199997,0.000580,0.000002,0,1,0,0,0.094926,0.000000,1,0
1,-12.118530,-0.755898,1.831482,0.894104,-11.668518,-0.155899,0.030975,0.005898,0,1,0,0,0.067011,0.000000,0,1
1,15.599976,3.150002,3.481445,2.394104,1.649963,1.500000,0.000610,0.000002,0,1,0,0,0.039547,0.000000,0,2
1,2.849976,1.049999,12.750000,2.100002,9.268555,-0.294102,0.000092,0.000001,0,1,0,0,0.025236,0.000000,0,3
1,-12.450012,-1.049999,9.600037,0.000000,-3.149963,-2.100002,0.000519,0.000001,0,1,0,0,0.030269,0.000000,0,4
1,-16.349976,-1.500000,3.899963,0.450001,-5.700073,0.450001,0.000641,0.000000,1,1,0,0,0.044968,0.000000,0,5
1,-5.250000,-1.799999,11.099976,0.299999,7.200012,-0.150002,0.000214,0.000000,0,1,0,0,0.330600,0.000000,0,6
1,10.650024,-2.099998,5.400024,0.299999,-5.699951,0.000000,0.000458,0.000001,0,1,0,0,0.204729,0.000000,0,7
1,12.150024,-2.400002,1.500000,0.300003,-3.900024,0.000004,0.000519,0.000002,0,1,0,0,0.212092,0.000000,0,8
1,-9.150024,0.000000,3.000000,2.400002,1.500000,2.099998,0.000397,0.000000,0,1,0,0,0.218114,0.000000,0,9
1,-16.349976,-3.000000,7.199951,3.000000,4.199951,0.599998,0.000641,0.000000,0,1,0,0,0.141142,0.000000,0,10
1,-8.250000,-2.100000,8.099976,0.900000,0.900024,-2.100000,0.000336,0.000001,0,1,0,0,0.107999,0.000000,0,11
1,7.200012,-1.650000,1.049988,0.450001,-7.049988,-0.449999,0.000305,0.000000,0,1,0,0,0.083299,0.000000,0,12
1,16.049988,-2.250000,8.849976,0.600000,7.799988,0.150000,0.000641,0.000000,0,0,0,0,0.074271,0.000000,0,13
1,8.549988,0.000000,7.500000,2.250000,-1.349976,1.650000,0.000336,0.000000,0,1,0,0,0.067586,0.000000,1,0
1,-47.171753,-0.620447,38.621765,0.620447,31.121765,-1.629553,0.073669,0.020447,0,1,0,0,0.068740,0.000000,0,1
1,-4.200012,-0.299999,42.971741,0.320448,4.349976,-0.299999,0.000183,0.000001,0,1,0,0,0.077235,0.000000,0,2
1,-16.049988,-0.299999,11.849976,0.000000,-31.121765,-0.320448,0.000641,0.000001,0,1,0,0,0.085206,0.000000,0,3
1,-13.049988,-1.950001,3.000000,1.650002,-8.849976,1.650002,0.000519,0.000001,0,1,0,0,0.074869,0.000000,0,4
1,1.950012,-0.450001,11.099976,1.500000,8.099976,-0.150002,0.000092,0.000001,0,1,0,0,0.075031,0.000000,0,5
1,15.150024,-4.350000,13.200012,3.900000,2.100037,2.400000,0.000641,0.000001,1,1,0,0,0.087010,0.000000,0,6
1,14.400024,-4.350000,0.750000,0.000000,-12.450012,-3.900000,0.000610,0.000001,0,1,0,0,0.102405,0.000000,0,7
1,9.900024,-3.750000,4.500000,0.600000,3.750000,0.600000,0.000427,0.000001,0,1,0,0,0.037788,0.000000,0,8
1,-17.849976,-0.150000,7.949951,3.600000,3.449951,3.000000,0.000702,0.000000,0,1,0,0,0.038531,0.000000,0,9
1,-5.849976,-0.150000,12.000000,0.000000,4.050049,-3.600000,0.000214,0.000000,0,1,0,0,0.054348,0.000000,0,10
1,11.099976,-3.750000,5.250000,3.600001,-6.750000,3.600001,0.000427,0.000001,0,1,0,0,0.070740,0.000000,0,11
1,15.000000,0.300000,3.900024,3.450000,-1.349976,-0.150001,0.000610,0.000000,0,0,0,0,0.085147,0.000000,0,12
1,3.299988,0.600000,11.700012,0.300000,7.799988,-3.150001,0.000122,0.000000,0,1,0,0,0.102695,0.000000,1,0
1,-22.768433,8.852522,19.468445,8.252522,7.768433,7.952522,0.030640,0.002523,0,1,0,0,0.112878,0.000000,0,1
1,-10.799988,-102.900009,11.968445,94.047485,-7.500000,85.794968,0.000427,0.000026,0,1,0,0,0.128704,0.000000,0,2
1,-16.799988,1.500000,6.000000,101.400009,-5.968445,7.352524,0.000671,0.000000,0,1,0,0,0.142413,0.000000,0,3
1,-7.349976,1.800003,9.450012,0.300003,3.450012,-101.100006,0.000275,0.000003,0,1,0,0,0.154354,0.000000,0,4
1,8.849976,2.099998,1.500000,0.299995,-7.950012,-0.000008,0.000336,0.000001,1,1,0,0,0.161398,0.000000,0,5
1,16.950012,2.400002,8.100037,0.300003,6.600037,0.000008,0.000702,0.000002,0,1,0,0,0.175956,0.000000,0,6
1,9.450012,2.699997,7.500000,0.299995,-0.600037,-0.000008,0.000397,0.000003,0,1,0,0,0.120959,0.000000,0,7
1,-3.450012,3.000000,6.000000,0.300003,-1.500000,0.000008,0.000153,0.000000,0,1,0,0,0.125943,0.000000,0,8
1,-7.500000,3.300003,4.049988,0.300003,-1.950012,0.000000,0.000305,0.000004,0,1,0,0,0.135296,0.000000,0,9
1,12.599976,3.449997,5.099976,0.149994,1.049988,-0.150009,0.000488,0.000003,0,1,0,0,0.142272,0.000000,0,10
1,24.000000,3.750000,11.400024,0.300003,6.300049,0.150009,0.000977,0.000001,0,0,0,0,0.143294,0.000000,0,11
1,20.400024,3.900002,3.599976,0.150002,-7.800049,-0.150002,0.000854,0.000002,0,1,0,0,0.130397,0.000000,1,0
1,-14.481323,69.302673,5.918701,65.402672,2.318726,65.252670,0.068085,0.002684,0,1,0,0,0.129939,0.000000,0,1
1,-2.099976,4.200001,12.381348,65.102676,6.462646,-0.299995,0.000061,0.000001,0,1,0,0,0.136277,0.000000,0,2
1,-15.299988,2.100000,13.200012,2.100000,0.818665,-63.002678,0.000610,0.000001,0,0,0,0,0.147382,0.000000,0,3
1,-14.400024,1.500000,0.899963,0.600000,-12.300049,-1.500000,0.000610,0.000000,0,0,0,0,0.133421,0.000000,0,4
1,-0.150024,4.350000,14.250000,2.850000,13.350037,2.250000,0.000031,0.000001,1,1,0,0,0.392571,0.000000,0,5
1,14.099976,0.450001,13.949951,3.900000,-0.300049,1.049999,0.000549,0.000001,0,1,0,0,0.039097,0.000000,0,6
1,15.450012,0.299999,1.350037,0.150002,-12.599915,-3.749998,0.000641,0.000001,0,1,0,0,0.011635,0.000000,0,7
1,1.049988,3.600000,14.400024,3.300001,13.049988,3.150000,0.000031,0.000001,0,1,0,0,0.032439,0.000000,0,8
1,-18.299988,1.049999,17.250000,2.550001,2.849976,-0.750000,0.000732,0.000001,0,1,0,0,0.054988,0.000000,0,9
1,-4.950012,2.100000,13.349976,1.050001,-3.900024,-1.500000,0.000214,0.000001,0,1,0,0,0.075420,0.000000,0,10
1,11.099976,-0.150000,6.149963,1.950001,-7.200012,0.900000,0.000427,0.000000,0,0,0,0,0.093974,0.000000,0,11
1,16.049988,-0.299999,4.950012,0.150000,-1.199951,-1.800001,0.000641,0.000001,0,1,0,0,0.085517,0.000000,1,0
1,-0.916016,0.798393,15.133972,0.498394,10.183960,0.348394,0.016052,0.048393,0,1,0,0,0.096450,0.000000,0,1
1,7.200012,0.299999,6.283997,0.498394,-8.849976,0.000000,0.000305,0.000001,0,1,0,0,0.111613,0.000000,0,2
1,-9.000000,0.299999,1.799988,0.000000,-4.484009,-0.498394,0.000366,0.000001,0,1,0,0,0.126786,0.000000,0,3
1,-16.950012,2.400000,7.950012,2.100000,6.150024,2.100000,0.000702,0.000000,0,1,0,0,0.140563,0.000000,0,4
1,-9.299988,-1.799999,7.650024,0.600000,-0.299988,-1.500000,0.000366,0.000000,1,1,0,0,0.152443,0.000000,0,5
1,6.750000,-2.100000,2.549988,0.300001,-5.100037,-0.299999,0.000275,0.000001,0,1,0,0,0.465269,0.000000,0,6
1,16.799988,-1.200001,10.049988,0.900000,7.500000,0.599998,0.000671,0.000001,0,1,0,0,0.375845,0.000000,0,7
1,5.700012,-0.750000,11.099976,0.450001,1.049988,-0.449999,0.000244,0.000000,0,1,0,0,0.316585,0.000000,0,8
1,-15.750000,-1.950001,10.049988,1.200001,-1.049988,0.750000,0.000641,0.000001,0,1,0,0,0.263239,0.000000,0,9
1,-11.250000,-0.900000,4.500000,1.050001,-5.549988,-0.150000,0.000458,0.000000,0,1,0,0,0.216614,0.000000,0,10
1,4.049988,-1.200001,7.200012,0.300001,2.700012,-0.750000,0.000153,0.000001,0,1,0,0,0.173992,0.000000,0,11
1,16.500000,-1.650000,12.450012,0.449999,5.250000,0.149998,0.000671,0.000000,0,1,0,0,0.133315,0.000000,0,12
1,14.700012,-2.100000,1.799988,0.450001,-10.650024,0.000002,0.000610,0.000001,0,1,0,0,0.095875,0.000000,0,13
1,0.000000,-1.200001,14.700012,0.900000,12.900024,0.449999,0.000000,0.000001,0,1,0,0,0.061833,0.000000,0,14
1,-13.650024,-3.000000,13.650024,1.799999,-1.049988,0.900000,0.000580,0.000000,0,1,0,0,0.031320,0.000000,0,15
1,-13.950012,-2.250000,0.299988,0.750000,-13.350037,-1.049999,0.000580,0.000000,0,0,0,0,0.014149,0.000000,0,16
1,-0.750000,-3.000000,13.200012,0.750000,12.900024,0.000000,0.000031,0.000000,0,1,0,0,0.012876,0.000000,0,17
1,13.349976,-3.600000,12.599976,0.600000,-0.600037,-0.150000,0.000519,0.000001,1,1,0,0,0.184468,0.000000,0,18
1,15.900024,-0.450000,2.550049,3.150001,-10.049927,2.550000,0.000671,0.000000,0,1,0,0,0.161059,0.000000,0,19
1,4.500000,-4.350000,11.400024,3.900001,8.849976,0.750000,0.000183,0.000001,0,1,0,0,0.113109,0.000000,0,20
1,-10.349976,-0.300000,5.849976,4.050000,-5.550049,0.150000,0.000397,0.000000,0,1,0,0,0.128390,0.000000,0,21
1,-15.150024,-4.200000,4.800049,3.900000,-1.049927,-0.150000,0.000641,0.000001,0,1,0,0,0.141383,0.000000,0,22
1,-4.500000,0.000000,10.650024,4.200000,5.849976,0.300000,0.000183,0.000000,0,1,0,0,0.153024,0.000000,0,23
1,11.400024,0.000000,6.900024,0.000000,-3.750000,-4.200000,0.000488,0.000000,0,0,0,0,0.164675,0.000000,0,24
1,17.549988,0.300000,6.149963,0.300000,-0.750061,0.300000,0.000702,0.000000,0,1,0,0,0.149827,0.000000,1,0
1,4.013916,31.265196,13.536072,30.965197,7.386108,30.665197,0.035919,0.065201,0,1,0,0,0.154992,0.000000,0,1
1,9.150024,-3.000000,5.136108,28.265196,-8.399963,-2.700001,0.000397,0.000000,0,1,0,0,0.131697,0.000000,0,2
1,-6.900024,1.049999,2.250000,1.950001,-2.886108,-26.315195,0.000305,0.000001,0,1,0,0,0.138164,0.000000,0,3
1,-16.799988,1.350000,9.899963,0.300001,7.649963,-1.650000,0.000671,0.000001,0,1,0,0,0.180304,0.000000,0,4
1,-11.099976,1.650000,5.700012,0.299999,-4.199951,-0.000002,0.000427,0.000000,1,1,0,0,0.336372,0.000000,0,5
1,4.650024,-1.799999,6.449951,0.150000,0.749939,-0.150000,0.000214,0.000000,0,1,0,0,0.579239,0.000000,0,6
1,16.200012,-1.500000,11.549988,0.299999,5.100037,0.150000,0.000671,0.000000,0,1,0,0,0.329042,0.000000,0,7
1,31.650024,0.299999,15.450012,1.200001,3.900024,0.900002,0.001312,0.000001,0,1,0,0,0.300453,0.000000,0,8
1,21.450012,-0.450001,10.200012,0.150002,-5.250000,-1.049999,0.000885,0.000001,0,1,0,0,0.267102,0.000000,0,9
1,-3.299988,-0.600000,18.150024,0.150000,7.950012,-0.000002,0.000122,0.000000,0,1,0,0,0.240797,0.000000,0,10
1,10.500000,0.000000,7.200012,0.600000,-10.950012,0.450001,0.000427,0.000000,0,1,0,0,0.215037,0.000000,0,11
1,22.650024,1.650000,12.150024,1.650000,4.950012,1.049999,0.000946,0.000000,0,1,0,0,0.184784,0.000000,0,12
1,23.700012,0.450001,1.049988,1.199999,-11.100037,-0.450001,0.000977,0.000001,0,1,0,0,0.150938,0.000000,0,13
1,9.599976,0.150000,14.100037,0.300001,13.050049,-0.899998,0.000366,0.000000,0,1,0,0,0.119495,0.000000,0,14
1,-5.250000,0.150000,4.349976,0.000000,-9.750061,-0.300001,0.000214,0.000000,0,1,0,0,0.096740,0.000000,0,15
1,-9.000000,0.299999,3.750000,0.150000,-0.599976,0.150000,0.000366,0.000001,0,1,0,0,0.086526,0.000000,0,16
1,0.150024,0.450001,8.849976,0.150002,5.099976,0.000002,0.000031,0.000001,1,1,0,0,0.085091,0.000000,0,17
1,13.650024,0.450001,13.500000,0.000000,4.650024,-0.150002,0.000580,0.000001,0,1,0,0,0.357759,0.000000,0,18
1,16.199951,0.450001,2.549927,0.000000,-10.950073,0.000000,0.000610,0.000001,0,1,0,0,0.211763,0.000000,0,19
1,5.699951,0.299999,10.500000,0.150002,7.950073,0.150002,0.000183,0.000001,0,1,0,0,0.209139,0.000000,0,20
1,-9.000000,0.299999,3.300049,0.000000,-7.199951,-0.150002,0.000366,0.000001,0,1,0,0,0.211162,0.000000,0,21
1,-14.550049,1.799999,5.550049,1.500000,2.250000,1.500000,0.000641,0.000000,0,1,0,0,0.216774,0.000000,0,22
1,-2.699951,1.349998,11.850098,0.450001,6.300049,-1.049999,0.000061,0.000001,0,1,0,0,0.222486,0.000000,0,23
1,13.500000,1.049999,10.800049,0.299999,-1.050049,-0.150002,0.000549,0.000001,0,1,0,0,0.383476,0.000000,0,24
1,21.150024,0.150002,7.650024,0.899998,-3.150024,0.599998,0.000885,0.000002,0,0,0,0,0.326842,0.000000,0,25
1,13.949951,-0.450001,7.200073,0.299999,-0.449951,-0.599998,0.000519,0.000001,0,1,0,0,0.299323,0.000000,0,26
1,-3.750000,2.700001,10.199951,2.250000,2.999878,1.950001,0.000153,0.000001,0,1,0,0,0.259415,0.000000,0,27
1,-15.900024,-1.049999,12.150024,1.650002,1.950073,-0.599998,0.000671,0.000001,0,1,0,0,0.215384,0.000000,0,28
1,-11.550049,-1.349998,4.349976,0.299999,-7.800049,-1.350002,0.000519,0.000001,0,1,0,0,0.173423,0.000000,0,29
1,3.449951,-1.650000,8.100098,0.300001,3.750122,0.000002,0.000092,0.000000,0,1,0,0,0.137404,0.000000,0,30
1,15.449951,-1.950001,12.000000,0.300001,3.899902,0.000000,0.000580,0.000001,1,1,0,0,0.112988,0.000000,0,31
1,12.900024,-2.250000,2.549927,0.299999,-9.450073,-0.000002,0.000549,0.000000,0,1,0,0,0.258418,0.000000,0,32
1,-1.199951,-2.550001,11.700073,0.300001,9.150146,0.000002,0.000000,0.000002,0,1,0,0,0.166899,0.000000,0,33
1,-14.400024,-2.850000,13.200073,0.299999,1.500000,-0.000002,0.000610,0.000001,0,1,0,0,0.177666,0.000000,0,34
1,-14.849976,-0.900000,0.449951,1.950001,-12.750122,1.650002,0.000580,0.000000,0,1,0,0,0.346709,0.000000,0,35
1,-4.050049,-0.299999,10.799927,0.600000,10.349976,-1.350000,0.000214,0.000001,0,1,0,0,0.292990,0.000000,0,36
1,10.349976,-0.450001,6.299927,0.150002,-4.500000,-0.449999,0.000397,0.000001,0,1,0,0,0.242625,0.000000,0,37
1,12.300049,-3.600000,1.950073,3.150000,-4.349854,2.999998,0.000549,0.000001,0,1,0,0,0.195614,0.000000,0,38
1,1.949951,-1.350000,10.350098,2.250000,8.400024,-0.900000,0.000031,0.000001,0,1,0,0,0.163478,0.000000,0,39
1,11.849976,-4.350000,7.650024,0.000000,-3.750000,-1.350000,0.000458,0.000001,0,1,0,0,0.146657,0.000000,1,0
1,11.726318,0.989870,0.123657,3.360131,-7.526367,3.360131,0.026794,0.060130,0,1,0,0,0.124184,0.000000,0,1
1,16.949951,-0.600000,5.223633,0.389870,5.099976,-2.970261,0.000641,0.000000,0,1,0,0,0.098086,0.000000,0,2
1,8.849976,-0.300000,8.099976,0.300000,2.876343,-0.089870,0.000336,0.000000,1,1,0,0,0.183181,0.000000,0,3
1,-7.199951,-0.150000,1.650024,0.150000,-6.449951,-0.150000,0.000244,0.000000,0,1,0,0,0.162244,0.000000,0,4
1,-16.800049,0.000000,9.600098,0.150000,7.950073,-0.000000,0.000732,0.000000,0,1,0,0,0.112727,0.000000,0,5
1,-10.800049,0.000000,6.000000,0.000000,-3.600098,-0.150000,0.000488,0.000000,0,1,0,0,0.125807,0.000000,0,6
1,4.949951,0.300000,5.850098,0.300000,-0.149902,0.300000,0.000153,0.000000,0,1,0,0,0.139070,0.000000,0,7
1,30.300049,0.450000,25.350098,0.150000,19.500000,-0.150000,0.001282,0.000000,0,1,0,0,0.151156,0.000000,0,8
1,1.800049,0.750000,28.500000,0.300000,3.149902,0.150000,0.000122,0.000000,0,1,0,0,0.162241,0.000000,0,9
1,-15.150024,1.050000,13.349976,0.300000,-15.150024,0.000000,0.000641,0.000000,0,0,0,0,0.173106,0.000000,0,10
1,-12.900024,1.350000,2.250000,0.300000,-11.099976,0.000000,0.000549,0.000000,0,1,0,0,0.157527,0.000000,0,11
1,1.349976,-2.250000,11.550049,0.900000,9.300049,0.600000,0.000031,0.000001,0,0,0,0,0.162490,0.000000,0,12
1,14.400024,0.900000,13.050049,1.350000,1.500000,0.450000,0.000610,0.000000,0,1,0,0,0.147866,0.000000,1,0
1,-3.444580,-3.816077,10.955444,2.916077,-2.094604,1.566077,0.005280,0.066078,0,1,0,0,0.373788,0.000000,0,1
1,15.300049,-0.450000,11.855469,3.366077,0.900024,0.450000,0.000671,0.000000,1,1,0,0,0.316343,0.000000,0,2
1,1.949951,-0.150000,13.350098,0.300000,1.494629,-3.066077,0.000031,0.000000,0,1,0,0,0.131906,0.000000,0,3
1,-13.050049,2.400000,11.100098,2.250000,-2.250000,1.950000,0.000580,0.000000,0,1,0,0,0.082691,0.000000,0,4
1,-16.199951,-0.300000,3.149902,2.100000,-7.950195,-0.150000,0.000610,0.000000,0,1,0,0,0.086169,0.000000,0,5
1,-4.349976,3.600000,11.849976,3.300000,8.700073,1.200000,0.000153,0.000001,0,1,0,0,0.093452,0.000000,0,6
1,11.250000,1.800000,6.900024,1.800000,-4.949951,-1.500000,0.000458,0.000000,0,1,0,0,0.092743,0.000000,0,7
1,18.900024,0.750000,7.650024,1.050000,0.750000,-0.750000,0.000793,0.000000,0,1,0,0,0.104147,0.000000,0,8
1,-9.900024,0.750000,9.000000,0.000000,1.349976,-1.050000,0.000427,0.000000,0,1,0,0,0.114492,0.000000,0,9
1,-16.650024,0.300000,6.750000,0.450000,-2.250000,0.450000,0.000702,0.000000,0,1,0,0,0.121658,0.000000,0,10
1,-9.000000,2.850000,7.650024,2.550000,0.900024,2.100000,0.000366,0.000001,0,0,0,0,0.128341,0.000000,0,11
1,4.050049,0.450000,4.949951,2.400001,-2.700073,-0.150000,0.000214,0.000000,0,1,0,0,0.122186,0.000000,1,0
1,6.464111,-0.538363,2.414063,0.088363,-2.535889,-2.311638,0.014374,0.061637,0,1,0,0,0.130122,0.000000,0,1
1,16.800049,4.050001,10.335938,3.511639,7.921875,3.423276,0.000732,0.000002,1,0,0,0,0.144410,0.000000,0,2
1,10.800049,2.100000,6.000000,1.950001,-4.335938,-1.561638,0.000488,0.000001,0,1,0,0,0.219242,0.000000,0,3
1,-5.099976,4.200001,5.700073,2.100000,-0.299927,0.150000,0.000183,0.000001,0,1,0,0,0.138670,0.000000,0,4
1,-16.349976,2.700001,11.250000,1.500000,5.549927,-0.600000,0.000641,0.000001,0,1,0,0,0.152188,0.000000,0,5
1,-12.449951,0.600000,3.900024,2.100000,-7.349976,0.600000,0.000458,0.000000,0,1,0,0,0.164029,0.000000,0,6
1,2.849976,-0.150000,9.599976,0.450001,5.699951,-1.650000,0.000092,0.000000,0,1,0,0,0.175098,0.000000,0,7
1,22.500000,0.000000,19.650024,0.150000,10.050049,-0.300001,0.000916,0.000000,0,1,0,0,0.184419,0.000000,0,8
1,0.599976,1.200001,21.900024,1.200001,2.250000,1.050001,0.000000,0.000001,0,1,0,0,0.181982,0.000000,0,9
1,-12.750000,0.750000,12.150024,0.450001,-9.750000,-0.750000,0.000519,0.000000,0,1,0,0,0.185824,0.000000,0,10
1,-13.500000,0.900000,0.750000,0.150000,-11.400024,-0.300001,0.000549,0.000000,0,1,0,0,0.193031,0.000000,0,11
1,0.449951,0.299999,13.050049,0.600000,12.300049,0.450001,0.000031,0.000001,0,1,0,0,0.199898,0.000000,0,12
1,14.699951,-0.600000,14.250000,0.300001,1.199951,-0.299999,0.000549,0.000000,0,1,0,0,0.204069,0.000000,0,13
1,16.199951,1.049999,1.500000,0.449999,-12.750000,0.149998,0.000610,0.000001,1,1,0,0,0.204812,0.000000,0,14
1,5.099976,-0.150000,11.099976,0.900000,9.599976,0.450001,0.000183,0.000000,0,1,0,0,0.479134,0.000000,0,15
1,-9.750000,0.299999,4.650024,0.150000,-6.449951,-0.750000,0.000397,0.000001,0,1,0,0,0.286962,0.000000,0,16
1,-11.250000,-1.200001,1.500000,0.900002,-3.150024,0.750002,0.000458,0.000001,0,1,0,0,0.286495,0.000000,0,17
1,-0.150024,0.000000,11.099976,1.200001,9.599976,0.299999,0.000031,0.000000,0,1,0,0,0.343354,0.000000,0,18
1,12.150024,0.000000,12.000000,0.000000,0.900024,-1.200001,0.000519,0.000000,0,1,0,0,0.287293,0.000000,0,19
1,16.349976,0.000000,4.199951,0.000000,-7.800049,0.000000,0.000641,0.000000,0,1,0,0,0.238762,0.000000,0,20
1,7.349976,0.000000,9.000000,0.000000,4.800049,0.000000,0.000275,0.000000,0,1,0,0,0.197188,0.000000,0,21
1,-8.099976,-0.150000,0.750000,0.150000,-8.250000,0.150000,0.000305,0.000000,0,1,0,0,0.158435,0.000000,0,22
1,-16.199951,-0.299999,8.099976,0.150000,7.349976,0.000000,0.000610,0.000001,0,0,0,0,0.120695,0.000000,0,23
1,-10.800049,-0.299999,5.399902,0.000000,-2.700073,-0.150000,0.000488,0.000001,0,1,0,0,0.109833,0.000000,1,0
1,-15.557129,9.564796,4.757080,9.264797,-0.642822,9.264797,0.042236,0.035202,0,1,0,0,0.086609,0.000000,0,1
1,5.250000,-1.349998,10.307129,8.214798,5.550049,-1.049999,0.000214,0.000001,0,1,0,0,0.054317,0.000000,0,2
1,16.349976,-0.450001,11.099976,0.899998,0.792847,-7.314800,0.000641,0.000001,0,1,0,0,0.032341,0.000000,0,3
1,12.449951,-4.350000,3.900024,3.900000,-7.199951,3.000002,0.000458,0.000001,0,0,0,0,0.014932,0.000000,0,4
1,-3.000000,-2.400000,9.449951,1.950001,5.549927,-1.949999,0.000122,0.000000,0,1,0,0,0.018421,0.000000,0,5
1,-15.599976,-4.050001,12.599976,1.650002,3.150024,-0.299999,0.000610,0.000002,0,1,0,0,0.036759,0.000000,0,6
1,-13.949951,-3.900000,1.650024,0.150002,-10.949951,-1.500000,0.000519,0.000000,1,1,0,0,0.058969,0.000000,0,7
1,-12.000000,-3.750000,1.949951,0.150000,0.299927,-0.000002,0.000488,0.000001,0,1,0,0,0.359353,0.000000,0,8
1,4.199951,-2.100000,7.800049,1.650000,5.850098,1.500000,0.000122,0.000001,0,1,0,0,0.205505,0.000000,0,9
1,-6.000000,-3.150001,1.800049,1.050000,-6.000000,-0.599999,0.000244,0.000001,0,1,0,0,0.162136,0.000000,0,10
1,-14.849976,-2.850000,8.849976,0.300000,7.049927,-0.750000,0.000580,0.000001,0,0,0,0,0.126554,0.000000,0,11
1,-15.299988,0.900000,0.450012,1.950001,-8.399963,1.650001,0.000610,0.000000,0,1,0,0,0.122113,0.000000,1,0
1,0.017700,-0.067828,15.282288,0.832171,14.832275,-1.117829,0.017700,0.067828,0,1,0,0,0.104819,0.000000,0,1
1,-4.049988,1.050000,4.032288,0.982172,-11.250000,0.150001,0.000153,0.000000,0,1,0,0,0.094767,0.000000,0,2
1,11.549988,-1.650001,7.500000,0.600000,3.467712,-0.382172,0.000458,0.000001,0,1,0,0,0.087856,0.000000,0,3
1,16.649963,-1.050000,5.099976,0.600000,-2.400024,0.000000,0.000641,0.000000,1,1,0,0,0.082086,0.000000,0,4
1,6.300049,0.900000,10.349915,0.150001,5.249939,-0.450000,0.000305,0.000000,1,1,0,0,0.158220,0.000000,0,5
1,-9.750000,3.000000,3.449951,2.100000,-6.899963,1.950000,0.000397,0.000000,0,1,0,0,0.371590,0.000000,0,6
1,-16.950012,1.350000,7.200012,1.650000,3.750061,-0.450001,0.000702,0.000001,0,1,0,0,0.228017,0.000000,0,7
1,0.750000,3.599999,16.200012,2.249999,9.000000,0.599999,0.000031,0.000000,0,1,0,0,0.232649,0.000000,0,8
1,18.299988,0.000000,17.549988,3.599999,1.349976,1.350000,0.000732,0.000000,0,1,0,0,0.234705,0.000000,0,9
1,13.050049,3.300001,5.249939,3.300001,-12.300049,-0.299998,0.000580,0.000002,0,1,0,0,0.234384,0.000000,0,10
1,-2.550049,4.050001,10.500000,0.750000,5.250061,-2.550001,0.000153,0.000002,0,0,0,0,0.235522,0.000000,0,11
1,-11.250000,2.700001,8.699951,1.350000,-1.800049,0.600000,0.000458,0.000001,0,1,0,0,0.214325,0.000000,1,0
1,8.998169,-2.843145,2.251831,0.143145,-6.448120,-1.206856,0.001465,0.006854,0,1,0,0,0.361369,0.000000,0,1
1,-12.300049,3.300001,3.301880,0.456856,1.050049,0.313711,0.000549,0.000002,0,1,0,0,0.303534,0.000000,0,2
1,3.150024,4.350000,9.150024,1.049999,5.848145,0.593143,0.000153,0.000001,0,1,0,0,0.250795,0.000000,0,3
1,15.750000,0.600000,12.599976,3.750000,3.449951,2.700001,0.000641,0.000000,0,1,0,0,0.203335,0.000000,0,4
1,13.800049,0.300001,1.949951,0.299999,-10.650024,-3.450001,0.000610,0.000001,0,1,0,0,0.162727,0.000000,0,5
1,-0.750000,0.299999,13.050049,0.000002,11.100098,-0.299997,0.000031,0.000001,0,1,0,0,0.143675,0.000000,0,6
1,-14.699951,0.150002,13.949951,0.149998,0.899902,0.149996,0.000549,0.000002,1,1,0,0,0.124556,0.000000,0,7
1,-13.500000,0.000000,1.199951,0.150002,-12.750000,0.000004,0.000549,0.000000,0,1,0,0,0.232634,0.000000,0,8
1,13.349976,-0.150002,0.150024,0.150002,-1.049927,0.000000,0.000519,0.000002,0,1,0,0,0.150837,0.000000,0,9
1,15.000000,-0.299999,1.650024,0.149998,1.500000,-0.000004,0.000610,0.000001,0,1,0,0,0.162690,0.000000,0,10
1,2.250000,-0.600000,12.750000,0.300001,11.099976,0.150003,0.000092,0.000000,0,1,0,0,0.173523,0.000000,0,11
1,-14.250000,-0.900000,12.000000,0.299999,-0.750000,-0.000002,0.000580,0.000000,0,1,0,0,0.182615,0.000000,0,12
1,-18.150024,2.099998,3.900024,1.199999,-8.099976,0.900000,0.000763,0.000001,0,1,0,0,0.174193,0.000000,0,13
1,-5.849976,-1.049999,12.300049,1.049999,8.400024,-0.150000,0.000214,0.000001,0,0,0,0,0.167647,0.000000,0,14
1,10.349976,0.000000,4.500000,1.049999,-7.800049,0.000000,0.000397,0.000000,0,1,0,0,0.150304,0.000000,1,0
1,1.484985,-9.923580,8.864990,9.923580,4.364990,8.873581,0.014954,0.023582,0,1,0,0,0.151852,0.000000,0,1
1,16.949951,-0.150000,15.464966,9.773581,6.599976,-0.150000,0.000641,0.000000,0,1,0,0,0.162642,0.000000,0,2
1,8.400024,-2.700001,8.549927,2.550001,-6.915039,-7.223579,0.000366,0.000001,0,1,0,0,0.367411,0.000000,0,3
1,-7.800049,-2.250000,0.599976,0.450001,-7.949951,-2.100000,0.000366,0.000000,1,1,0,0,0.311009,0.000000,0,4
1,-16.800049,-3.300000,9.000000,1.050000,8.400024,0.599999,0.000732,0.000001,0,1,0,0,0.087472,0.000000,0,5
1,-10.349976,0.300000,6.450073,3.000000,-2.549927,1.950000,0.000397,0.000000,0,1,0,0,0.071650,0.000000,0,6
1,5.550049,0.000000,4.799927,0.300000,-1.650146,-2.700000,0.000275,0.000000,0,1,0,0,0.089544,0.000000,0,7
1,25.349976,-2.850000,19.799927,2.850000,15.000000,2.550000,0.001007,0.000001,0,1,0,0,0.102111,0.000000,0,8
1,-4.050049,-0.900000,21.299927,1.950001,1.500000,-0.900000,0.000214,0.000000,0,1,0,0,0.116388,0.000000,0,9
1,-15.599976,-3.000000,11.549927,2.100001,-9.750000,0.150000,0.000610,0.000001,0,0,0,0,0.131758,0.000000,0,10
1,-12.599976,-2.700000,3.000000,0.300000,-8.549927,-1.800001,0.000488,0.000001,0,1,0,0,0.137069,0.000000,0,11
1,1.949951,-0.450000,10.650024,2.250000,7.650024,1.950000,0.000031,0.000000,0,0,0,0,0.144703,0.000000,0,12
1,14.699951,-0.450000,12.750000,0.000000,2.099976,-2.250000,0.000549,0.000000,0,1,0,0,0.154749,0.000000,1,0
1,0.165405,-3.410703,14.534546,2.960703,1.784546,2.960703,0.015411,0.039297,0,1,0,0,0.159526,0.000000,0,1
1,15.000000,-4.350000,14.834595,0.939298,0.300049,-2.021405,0.000610,0.000001,0,1,0,0,0.363715,0.000000,0,2
1,1.349976,-0.600000,13.650024,3.750000,-1.184570,2.810703,0.000031,0.000000,1,1,0,0,0.306627,0.000000,0,3
1,-13.349976,-0.150000,12.000000,0.450000,-1.650024,-3.300001,0.000519,0.000000,0,1,0,0,0.072769,0.000000,0,4
1,-15.900024,-3.900000,2.550049,3.750000,-9.449951,3.300000,0.000671,0.000001,0,1,0,0,0.057113,0.000000,0,5
1,-3.750000,-1.950000,12.150024,1.950000,9.599976,-1.800000,0.000153,0.000000,0,1,0,0,0.073245,0.000000,0,6
1,11.699951,0.300000,7.949951,1.650000,-4.200073,-0.300001,0.000427,0.000000,0,1,0,0,0.091439,0.000000,0,7
1,24.000000,0.600000,12.300049,0.300000,4.350098,-1.349999,0.000977,0.000000,0,1,0,0,0.108219,0.000000,0,8
1,-10.199951,0.900000,13.800049,0.299999,1.500000,-0.000001,0.000366,0.000000,0,1,0,0,0.123958,0.000000,0,9
1,-16.199951,1.200000,6.000000,0.300001,-7.800049,0.000001,0.000610,0.000000,0,1,0,0,0.137410,0.000000,0,10
1,-6.750000,1.500000,9.449951,0.300000,3.449951,-0.000001,0.000275,0.000000,0,0,0,0,0.149198,0.000000,0,11
1,8.400024,1.800000,1.650024,0.300000,-7.799927,0.000000,0.000366,0.000000,0,1,0,0,0.135770,0.000000,1,0
1,0.289429,5.035907,8.110596,3.235907,6.460571,2.935907,0.010559,0.064092,0,1,0,0,0.142976,0.000000,0,1
1,16.800049,-1.500000,16.510620,3.535907,8.400024,0.300000,0.000732,0.000000,0,1,0,0,0.168813,0.000000,0,2
1,10.199951,-1.200000,6.600098,0.300000,-9.910522,-3.235907,0.000366,0.000000,1,1,0,0,0.137196,0.000000,0,3
1,-5.699951,-0.150000,4.500000,1.050000,-2.100098,0.750000,0.000183,0.000000,0,1,0,0,0.261155,0.000000,0,4
1,-16.500000,0.600000,10.800049,0.450000,6.300049,-0.600000,0.000671,0.000000,0,1,0,0,0.163356,0.000000,0,5
1,-12.000000,-0.300000,4.500000,0.300000,-6.300049,-0.150000,0.000488,0.000000,0,1,0,0,0.167732,0.000000,0,6
1,3.300049,0.000000,8.699951,0.300000,4.199951,0.000000,0.000183,0.000000,0,1,0,0,0.174068,0.000000,0,7
1,13.949951,3.900000,10.649902,3.900000,1.949951,3.600000,0.000519,0.000001,0,1,0,0,0.172348,0.000000,0,8
1,-2.400024,4.050000,11.549927,0.150000,0.900024,-3.750000,0.000122,0.000001,0,1,0,0,0.172645,0.000000,0,9
1,-15.300049,4.200000,12.900024,0.150000,1.350098,0.000000,0.000671,0.000001,0,0,0,0,0.169988,0.000000,0,10
1,-16.799988,4.350000,1.499939,0.150000,-11.400085,0.000000,0.000671,0.000001,0,1,0,0,0.144398,0.000000,0,11
1,-6.000000,3.600000,10.799988,0.750000,9.300049,0.600000,0.000244,0.000001,0,0,0,0,0.139430,0.000000,0,12
1,10.049988,0.600000,4.049988,3.000000,-6.750000,2.250000,0.000397,0.000000,0,1,0,0,0.196536,0.000000,1,0
1,1.471436,0.444620,8.578552,0.155380,4.528564,-2.844620,0.028503,0.005380,0,1,0,0,0.163564,0.000000,0,1
1,15.900024,1.650000,14.428589,1.205379,5.850037,1.049999,0.000671,0.000000,0,1,0,0,0.126104,0.000000,0,2
1,3.599976,0.299999,12.300049,1.350000,-2.128540,0.144621,0.000122,0.000001,1,1,0,0,0.092645,0.000000,0,3
1,-11.849976,0.150000,8.250000,0.150000,-4.050049,-1.200001,0.000458,0.000000,0,1,0,0,0.228717,0.000000,0,4
1,-16.500000,1.500000,4.650024,1.350000,-3.599976,1.200001,0.000671,0.000000,0,1,0,0,0.146541,0.000000,0,5
1,-6.000000,1.350000,10.500000,0.150000,5.849976,-1.200001,0.000244,0.000001,0,1,0,0,0.154990,0.000000,0,6
1,10.049988,-0.299999,4.049988,1.050001,-6.450012,0.900002,0.000397,0.000001,0,1,0,0,0.165455,0.000000,0,7
1,21.299988,-0.450001,11.250000,0.150002,7.200012,-0.900000,0.000854,0.000001,0,1,0,0,0.176536,0.000000,0,8
1,-8.550049,-0.900000,12.749939,0.449999,1.499939,0.299997,0.000397,0.000000,0,1,0,0,0.186522,0.000000,0,9
1,-16.349976,1.200001,7.799927,0.300001,-4.950012,-0.149998,0.000641,0.000001,0,0,0,0,0.194148,0.000000,0,10
1,-8.849976,1.500000,7.500000,0.299999,-0.299927,-0.000002,0.000336,0.000000,0,1,0,0,0.179292,0.000000,0,11
1,6.599976,2.100000,2.250000,0.600000,-5.250000,0.300001,0.000244,0.000001,0,0,0,0,0.145698,0.000000,0,12
1,16.049988,0.750000,9.450012,1.350000,7.200012,0.750000,0.000641,0.000000,0,1,0,0,0.132585,0.000000,1,0
1,1.967102,1.190966,14.082886,0.440966,4.632874,-0.909035,0.017181,0.009034,0,1,0,0,0.101460,0.000000,0,1
1,12.000000,-0.900000,10.032898,0.290966,-4.049988,-0.150000,0.000488,0.000000,0,1,0,0,0.066852,0.000000,0,2
1,-3.449951,-2.550001,8.550049,1.650002,-1.482849,1.359035,0.000092,0.000002,0,1,0,0,0.035492,0.000000,0,3
1,-15.900024,-3.150000,12.450073,0.599998,3.900024,-1.050003,0.000671,0.000000,1,1,0,0,0.013607,0.000000,0,4
1,-13.500000,-3.450001,2.400024,0.300001,-10.050049,-0.299997,0.000549,0.000001,0,1,0,0,0.324551,0.000000,0,5
1,1.200012,0.150000,12.299988,3.300001,9.899963,3.000000,0.000061,0.000000,0,1,0,0,0.202648,0.000000,0,6
1,14.849976,-3.450001,13.649963,3.300001,1.349976,0.000000,0.000580,0.000001,0,1,0,0,0.208825,0.000000,0,7
1,12.450012,-0.150000,2.399963,3.300001,-11.250000,0.000000,0.000519,0.000000,0,1,0,0,0.199173,0.000000,0,8
1,-13.349976,-0.750000,0.899963,0.600000,-1.500000,-2.700001,0.000519,0.000000,0,1,0,0,0.198146,0.000000,0,9
1,-12.900024,-0.300000,0.449951,0.450000,-0.450012,-0.150001,0.000549,0.000000,0,0,0,0,0.202471,0.000000,0,10
1,6.150024,-0.450000,6.750000,0.150000,6.300049,-0.300000,0.000275,0.000000,0,1,0,0,0.190033,0.000000,0,11
1,28.199951,-4.350000,22.049927,3.900001,15.299927,3.750001,0.001099,0.000001,0,0,0,0,0.184776,0.000000,0,12
1,30.900024,-0.450000,2.700073,3.900001,-19.349854,0.000000,0.001282,0.000000,0,1,0,0,0.154145,0.000000,1,0
1,13.308228,3.020184,17.591797,2.570184,14.891724,-1.329817,0.041229,0.020184,0,1,0,0,0.142460,0.000000,0,1
1,5.849976,-1.650001,7.458252,1.370183,-10.133545,-1.200001,0.000214,0.000001,0,1,0,0,0.134182,0.000000,0,2
1,-10.199951,-0.150000,4.349976,1.500001,-3.108276,0.129818,0.000366,0.000000,1,1,0,0,0.135455,0.000000,0,3
1,-16.949951,-4.050000,6.750000,3.900001,2.400024,2.400000,0.000641,0.000001,0,0,0,0,0.428037,0.000000,0,4
1,-7.949951,0.000000,9.000000,4.050000,2.250000,0.150000,0.000275,0.000000,0,1,0,0,0.244642,0.000000,0,5
1,8.099976,-3.600000,0.150024,3.600000,-8.849976,-0.450000,0.000305,0.000001,0,1,0,0,0.240904,0.000000,0,6
1,16.949951,0.450000,8.849976,3.150000,8.699951,-0.450000,0.000641,0.000000,0,1,0,0,0.239749,0.000000,0,7
1,38.699951,0.750000,21.750000,0.300000,12.900024,-2.850000,0.001526,0.000000,0,1,0,0,0.341808,0.000000,0,8
1,8.400024,1.050000,30.299927,0.300000,8.549927,-0.000000,0.000366,0.000000,0,1,0,0,0.286740,0.000000,0,9
1,8.849976,1.350000,0.449951,0.300000,-29.849976,-0.000000,0.000336,0.000000,0,1,0,0,0.238909,0.000000,0,10
1,24.150024,1.650001,15.300049,0.300001,14.850098,0.000001,0.001007,0.000001,0,0,0,0,0.204769,0.000000,0,11
1,32.250000,1.950000,8.099976,0.299999,-7.200073,-0.000001,0.001312,0.000000,0,1,0,0,0.206839,0.000000,1,0
1,-6.580811,0.210506,25.669189,1.739493,17.569214,1.439494,0.018921,0.060506,0,1,0,0,0.190711,0.000000,0,1
1,13.500000,2.100000,6.919189,1.889494,-18.750000,0.150001,0.000549,0.000001,0,1,0,0,0.185509,0.000000,0,2
1,-1.349976,2.700000,12.150024,0.599999,5.230835,-1.289495,0.000031,0.000000,0,1,0,0,0.183081,0.000000,0,3
1,-14.849976,3.150000,13.500000,0.450000,1.349976,-0.150000,0.000580,0.000000,0,0,0,0,0.177946,0.000000,0,4
1,-14.699951,1.799999,0.150024,1.350000,-13.349976,0.900001,0.000549,0.000000,0,0,0,0,0.184437,0.000000,0,5
1,-0.900024,1.799999,13.799927,0.000000,13.649902,-1.350000,0.000061,0.000000,1,1,0,0,0.185523,0.000000,0,6
1,13.650024,1.500000,12.750000,0.299999,-1.049927,0.299999,0.000580,0.000000,0,1,0,0,0.366937,0.000000,0,7
1,27.449951,1.650000,13.799927,0.150000,1.049927,-0.150000,0.001068,0.000000,0,1,0,0,0.224814,0.000000,0,8
1,-22.199951,0.150000,5.250000,1.500000,-8.549927,1.350000,0.000854,0.000000,0,1,0,0,0.225333,0.000000,0,9
1,-23.099976,4.050001,0.900024,3.900002,-4.349976,2.400002,0.000916,0.000002,0,1,0,0,0.201423,0.000000,0,10
1,-7.949951,2.849998,15.150024,1.200003,14.250000,-2.699999,0.000275,0.000001,0,1,0,0,0.179550,0.000000,0,11
1,10.500000,1.799999,2.550049,1.049999,-12.599976,-0.150003,0.000427,0.000000,0,0,0,0,0.168243,0.000000,0,12
1,13.500000,0.450001,3.000000,1.349998,0.449951,0.299999,0.000549,0.000001,0,1,0,0,0.147959,0.000000,1,0
1,-38.308838,-7.918901,24.808838,7.468901,21.808838,6.118902,0.060394,0.031097,0,1,0,0,0.136066,0.000000,0,1
1,7.800049,0.600000,30.508789,7.318901,5.699951,-0.150000,0.000366,0.000000,0,1,0,0,0.133389,0.000000,0,2
1,-8.250000,1.200001,0.449951,0.600000,-30.058838,-6.718901,0.000336,0.000001,0,1,0,0,0.132013,0.000000,0,3
1,-16.949951,0.900000,8.699951,0.300001,8.250000,-0.299999,0.000641,0.000000,0,1,0,0,0.371299,0.000000,0,4
1,-9.900024,0.000000,7.049927,0.900000,-1.650024,0.599998,0.000427,0.000000,1,1,0,0,0.312730,0.000000,0,5
1,6.150024,-0.299999,3.750000,0.299999,-3.299927,-0.600000,0.000275,0.000001,0,1,0,0,0.109158,0.000000,0,6
1,16.650024,-0.450001,10.500000,0.150002,6.750000,-0.149998,0.000702,0.000001,0,1,0,0,0.076760,0.000000,0,7
1,6.750000,-0.750000,9.900024,0.299999,-0.599976,0.149998,0.000275,0.000000,0,1,0,0,0.089448,0.000000,0,8
1,-20.250000,1.200001,13.500000,0.450001,3.599976,0.150002,0.000824,0.000001,0,1,0,0,0.106723,0.000000,0,9
1,-16.500000,0.150000,3.750000,1.050001,-9.750000,0.600000,0.000671,0.000000,0,1,0,0,0.123037,0.000000,0,10
1,0.300049,0.750000,16.199951,0.600000,12.449951,-0.450001,0.000061,0.000000,0,0,0,0,0.137919,0.000000,0,11
1,14.550049,-0.299999,14.250000,0.450001,-1.949951,-0.150000,0.000641,0.000001,0,1,0,0,0.147431,0.000000,1,0
1,1.286865,0.401981,13.263184,0.101982,-0.986816,-0.348019,0.063080,0.048019,0,1,0,0,0.153281,0.000000,0,1
1,14.699951,-1.799999,13.413086,1.398018,0.149902,1.296036,0.000549,0.000000,0,1,0,0,0.162399,0.000000,0,2
1,0.750000,-2.850000,13.949951,1.050001,0.536865,-0.348017,0.000031,0.000001,0,1,0,0,0.168809,0.000000,0,3
1,-13.800049,-2.550001,13.050049,0.299999,-0.899902,-0.750002,0.000610,0.000002,0,1,0,0,0.147110,0.000000,0,4
1,-15.750000,-0.150000,1.949951,2.400002,-11.100098,2.100002,0.000641,0.000000,0,1,0,0,0.139062,0.000000,0,5
1,-3.150024,-3.600000,12.599976,3.450001,10.650024,1.049999,0.000153,0.000001,1,1,0,0,0.118047,0.000000,0,6
1,12.150024,-3.900001,9.000000,0.300000,-3.599976,-3.150001,0.000519,0.000001,0,1,0,0,0.245048,0.000000,0,7
1,31.050049,-1.050000,18.900024,2.850000,9.900024,2.550000,0.001312,0.000000,0,1,0,0,0.155960,0.000000,0,8
1,9.150024,-0.900000,21.900024,0.150001,3.000000,-2.700000,0.000397,0.000000,0,1,0,0,0.163154,0.000000,0,9
1,-15.750000,-3.450001,6.599976,2.550001,-15.300049,2.400001,0.000641,0.000001,0,1,0,0,0.173182,0.000000,0,10
1,-6.000000,-0.450000,9.750000,3.000001,3.150024,0.450000,0.000244,0.000000,0,1,0,0,0.182911,0.000000,0,11
1,12.000000,-0.450000,6.000000,0.000000,-3.750000,-3.000001,0.000488,0.000000,0,0,0,0,0.190837,0.000000,0,12
1,20.250000,-0.450000,8.250000,0.000000,2.250000,0.000000,0.000824,0.000000,0,1,0,0,0.173662,0.000000,1,0
1,-11.502319,4.854839,8.747681,4.404840,0.497681,4.404840,0.047211,0.054840,0,1,0,0,0.166117,0.000000,0,1
1,9.750000,-4.350000,1.752319,0.504839,-6.995361,-3.900001,0.000397,0.000001,0,1,0,0,0.169941,0.000000,0,2
1,-6.300049,-4.200000,3.449951,0.150000,1.697632,-0.354839,0.000305,0.000001,0,1,0,0,0.142282,0.000000,0,3
1,-16.650024,0.000000,10.349976,4.200000,6.900024,4.050000,0.000702,0.000000,0,1,0,0,0.114302,0.000000,0,4
1,-11.699951,-3.900000,4.950073,3.900000,-5.399902,-0.300000,0.000427,0.000001,0,1,0,0,0.088640,0.000000,0,5
1,3.900024,-1.950000,7.799927,1.950000,2.849854,-1.950000,0.000183,0.000000,0,1,0,0,0.057208,0.000000,0,6
1,16.050049,0.450000,12.150024,1.500000,4.350098,-0.450000,0.000702,0.000000,1,1,0,0,0.037931,0.000000,0,7
1,1.800049,0.750000,14.250000,0.300000,2.099976,-1.200000,0.000122,0.000000,0,1,0,0,0.320078,0.000000,0,8
1,-15.449951,1.050000,13.649902,0.300000,-0.600098,0.000000,0.000580,0.000000,0,1,0,0,0.198700,0.000000,0,9
1,-13.650024,-2.550000,1.799927,1.500000,-11.849976,1.200000,0.000580,0.000001,0,1,0,0,0.202794,0.000000,0,10
1,0.150024,1.650000,13.500000,0.900000,11.700073,-0.600000,0.000031,0.000000,0,1,0,0,0.207315,0.000000,0,11
1,13.650024,1.950000,13.500000,0.300000,0.000000,-0.600000,0.000580,0.000000,0,1,0,0,0.213695,0.000000,0,12
1,14.099976,2.250000,0.449951,0.300000,-13.050049,-0.000000,0.000549,0.000000,0,1,0,0,0.153698,0.000000,0,13
1,0.900024,2.550000,13.199951,0.300000,12.750000,0.000000,0.000061,0.000001,0,1,0,0,0.128083,0.000000,0,14
1,-15.000000,2.850000,14.099976,0.300000,0.900024,-0.000000,0.000610,0.000000,0,0,0,0,0.103009,0.000000,0,15
1,-19.650024,0.450000,4.650024,2.400000,-9.449951,2.100000,0.000824,0.000000,0,1,0,0,0.093738,0.000000,1,0
1,-0.878784,2.252310,18.771240,1.802310,14.121216,-0.597690,0.021179,0.002310,0,1,0,0,0.072265,0.000000,0,1
1,-5.400024,-0.300000,4.521240,1.952310,-14.250000,0.150000,0.000244,0.000000,0,1,0,0,0.052462,0.000000,0,2
1,10.500000,1.650001,5.099976,1.350000,0.578735,-0.602309,0.000427,0.000001,0,1,0,0,0.030481,0.000000,0,3
1,16.800049,4.050001,6.300049,2.400001,1.200073,1.050000,0.000732,0.000002,0,0,0,0,0.035148,0.000000,0,4
1,7.650024,4.200001,9.150024,0.150000,2.849976,-2.250001,0.000336,0.000001,1,0,0,0,0.041351,0.000000,0,5
1,-8.550049,4.350000,0.900024,0.150000,-8.250000,0.000000,0.000397,0.000001,0,1,0,0,0.121639,0.000000,0,6
1,-16.949951,0.299999,8.399902,4.050001,7.499878,3.900002,0.000641,0.000001,0,1,0,0,0.086041,0.000000,0,7
1,-21.150024,3.450001,4.200073,3.150002,-4.199829,-0.900000,0.000885,0.000001,0,1,0,0,0.103910,0.000000,0,8
1,15.900024,2.400002,5.250000,1.049999,1.049927,-2.100002,0.000671,0.000002,0,1,0,0,0.120392,0.000000,0,9
1,10.349976,3.599998,5.550049,1.199997,0.300049,0.149998,0.000397,0.000001,0,1,0,0,0.134731,0.000000,0,10
1,-4.949951,0.750000,5.400024,2.849998,-0.150024,1.650002,0.000153,0.000000,0,1,0,0,0.148393,0.000000,0,11
1,-15.900024,0.150002,10.950073,0.599998,5.550049,-2.250000,0.000671,0.000002,0,1,0,0,0.219504,0.000000,0,12
1,-11.250000,0.000000,4.650024,0.150002,-6.300049,-0.449997,0.000458,0.000000,0,0,0,0,0.181284,0.000000,0,13
1,6.300049,3.599998,4.949951,3.599998,0.299927,3.449997,0.000305,0.000001,0,1,0,0,0.164968,0.000000,1,0
1,26.317871,1.188759,20.017822,2.411240,15.067871,-1.188759,0.068939,0.011241,0,1,0,0,0.131156,0.000000,0,1
1,15.150024,0.000000,11.167847,1.188759,-8.849976,-1.222481,0.000641,0.000000,0,1,0,0,0.093874,0.000000,0,2
1,14.550049,0.000000,0.599976,0.000000,-10.567871,-1.188759,0.000641,0.000000,0,1,0,0,0.060997,0.000000,0,3
1,0.449951,-0.900002,14.100098,0.900002,13.500122,0.900002,0.000031,0.000002,0,1,0,0,0.032767,0.000000,0,4
1,-13.949951,-1.200001,13.500000,0.299999,-0.600098,-0.600002,0.000519,0.000001,1,1,0,0,0.030824,0.000000,0,5
1,-15.599976,-1.500000,1.650024,0.299999,-11.849976,0.000000,0.000610,0.000000,0,1,0,0,0.299661,0.000000,0,6
1,-2.849976,1.950001,12.750000,0.450001,11.099976,0.150002,0.000092,0.000001,0,1,0,0,0.188323,0.000000,0,7
1,21.750000,1.650002,18.900024,0.299999,6.150024,-0.150002,0.000885,0.000002,0,1,0,0,0.192377,0.000000,0,8
1,4.050049,0.000000,17.699951,1.650002,-1.200073,1.350002,0.000214,0.000000,0,1,0,0,0.140678,0.000000,0,9
1,-11.099976,1.049999,7.049927,1.049999,-10.650024,-0.600002,0.000427,0.000001,0,1,0,0,0.120127,0.000000,0,10
1,-16.050049,-2.099998,4.950073,1.049999,-2.099854,0.000000,0.000702,0.000001,0,1,0,0,0.085293,0.000000,0,11
1,-6.300049,-0.450001,9.750000,1.649998,4.799927,0.599998,0.000305,0.000001,0,1,0,0,0.053559,0.000000,0,12
1,8.550049,-1.349998,2.250000,0.899998,-7.500000,-0.750000,0.000397,0.000001,0,0,0,0,0.030254,0.000000,0,13
1,15.300049,-1.650002,6.750000,0.300003,4.500000,-0.599995,0.000671,0.000002,0,1,0,0,0.027532,0.000000,1,0
1,-23.036377,-1.504013,7.736328,0.145988,0.986328,-0.154015,0.062683,0.004013,0,1,0,0,0.019685,0.000000,0,1
1,9.599976,-0.150002,13.436401,1.354012,5.700073,1.208023,0.000366,0.000002,0,1,0,0,0.035884,0.000000,0,2
1,-6.599976,-0.299999,3.000000,0.149998,-10.436401,-1.204014,0.000244,0.000001,0,1,0,0,0.045295,0.000000,0,3
1,-16.650024,-1.349998,10.050049,1.049999,7.050049,0.900002,0.000702,0.000001,0,1,0,0,0.058207,0.000000,0,4
1,-11.400024,-4.350000,5.250000,3.000002,-4.800049,1.950003,0.000488,0.000001,0,1,0,0,0.072467,0.000000,0,5
1,4.199951,-4.350000,7.200073,0.000000,1.950073,-3.000002,0.000122,0.000001,1,1,0,0,0.089436,0.000000,0,6
1,16.050049,-4.350000,11.850098,0.000000,4.650024,0.000000,0.000702,0.000001,0,1,0,0,0.234319,0.000000,0,7
1,-11.250000,-0.299999,4.800049,4.050001,-7.050049,4.050001,0.000458,0.000001,0,1,0,0,0.130651,0.000000,0,8
1,-19.349976,-4.200001,8.099976,3.900002,3.299927,-0.150000,0.000763,0.000001,0,1,0,0,0.118272,0.000000,0,9
1,-18.750000,-0.150000,0.599976,4.050001,-7.500000,0.150000,0.000763,0.000000,0,1,0,0,0.104513,0.000000,0,10
1,-6.000000,0.000000,12.750000,0.150000,12.150024,-3.900002,0.000244,0.000000,0,1,0,0,0.096013,0.000000,0,11
1,7.349976,-3.600000,1.349976,3.600000,-11.400024,3.450001,0.000275,0.000001,0,0,0,0,0.098229,0.000000,0,12
1,7.199951,-1.500000,0.150024,2.100000,-1.199951,-1.500000,0.000244,0.000000,0,1,0,0,0.090321,0.000000,1,0
1,-29.350586,4.325711,22.150635,2.825711,22.000610,0.725711,0.048218,0.024288,0,1,0,0,0.092683,0.000000,0,1
1,2.699951,0.300000,26.650635,4.025711,4.500000,1.200000,0.000061,0.000000,0,1,0,0,0.102932,0.000000,0,2
1,-12.449951,1.200001,9.750000,0.900001,-16.900635,-3.125710,0.000458,0.000001,0,1,0,0,0.111726,0.000000,0,3
1,-16.349976,1.500000,3.900024,0.299999,-5.849976,-0.600001,0.000641,0.000000,0,1,0,0,0.126679,0.000000,0,4
1,-5.099976,-1.350000,11.250000,0.150000,7.349976,-0.150000,0.000183,0.000001,1,1,0,0,0.140046,0.000000,0,5
1,10.800049,-0.150000,5.700073,1.200001,-5.549927,1.050001,0.000488,0.000000,0,1,0,0,0.428585,0.000000,0,6
1,16.800049,-1.350000,6.000000,1.200001,0.299927,0.000000,0.000732,0.000001,0,1,0,0,0.390255,0.000000,0,7
1,-16.650024,-1.050000,0.150024,0.300000,-5.849976,-0.900001,0.000702,0.000000,0,1,0,0,0.337751,0.000000,0,8
1,-17.400024,-0.150000,0.750000,0.900001,0.599976,0.600000,0.000732,0.000000,0,1,0,0,0.298187,0.000000,0,9
1,-12.150024,3.300000,5.250000,3.150001,4.500000,2.250000,0.000519,0.000001,0,1,0,0,0.269796,0.000000,0,10
1,5.549988,3.600000,6.600037,0.300000,1.350037,-2.850000,0.000214,0.000001,0,0,0,0,0.244066,0.000000,0,11
1,16.200012,3.750000,10.650024,0.150000,4.049988,-0.150001,0.000671,0.000001,0,1,0,0,0.235382,0.000000,1,0
1,10.996338,-5.499243,5.203674,1.749243,-5.446350,1.599243,0.046783,0.050756,0,0,0,0,0.207571,0.000000,0,1
1,11.250000,3.000000,0.253662,2.499243,-4.950012,0.750000,0.000458,0.000000,0,1,0,0,0.197839,0.000000,0,2
1,-4.349976,2.100000,6.900024,0.900000,6.646362,-1.599243,0.000153,0.000001,0,1,0,0,0.175374,0.000000,0,3
1,-16.200012,0.299999,11.850037,1.800001,4.950012,0.900002,0.000671,0.000001,0,1,0,0,0.164304,0.000000,0,4
1,-13.049988,0.450001,3.150024,0.150002,-8.700012,-1.650000,0.000519,0.000001,0,1,0,0,0.127146,0.000000,0,5
1,2.099976,0.450001,10.950012,0.000000,7.799988,-0.150002,0.000061,0.000001,1,1,0,0,0.094487,0.000000,0,6
1,15.299988,0.450001,13.200012,0.000000,2.250000,0.000000,0.000610,0.000001,0,1,0,0,0.261848,0.000000,0,7
1,37.500061,0.299999,22.200073,0.150002,9.000061,0.150002,0.001587,0.000001,0,1,0,0,0.164493,0.000000,0,8
1,-5.250000,1.500000,32.250061,1.200001,10.049988,1.049999,0.000214,0.000000,0,1,0,0,0.173174,0.000000,0,9
1,-11.550049,2.850000,6.300049,1.350000,-25.950012,0.150000,0.000519,0.000001,0,1,0,0,0.182762,0.000000,0,10
1,0.000000,2.099998,11.550049,0.750002,5.250000,-0.599998,0.000000,0.000001,0,1,0,0,0.191565,0.000000,0,11
1,13.349976,1.650002,13.349976,0.449997,1.799927,-0.300005,0.000519,0.000002,0,0,0,0,0.198391,0.000000,0,12
1,15.449951,1.200001,2.099976,0.450001,-11.250000,0.000004,0.000580,0.000001,0,1,0,0,0.180535,0.000000,1,0
1,-2.135864,-1.152519,13.314087,0.047482,11.214111,-0.402519,0.035950,0.047481,0,1,0,0,0.185483,0.000000,0,1
1,4.949951,2.400002,2.814087,1.247482,-10.500000,1.200001,0.000153,0.000002,0,1,0,0,0.143483,0.000000,0,2
1,-10.800049,0.299999,5.850098,2.100002,3.036011,0.852520,0.000488,0.000001,0,1,0,0,0.108035,0.000000,0,3
1,-16.800049,-0.450001,6.000000,0.150002,0.149902,-1.950001,0.000732,0.000001,0,0,0,0,0.073737,0.000000,0,4
1,-7.199951,-1.799999,9.600098,1.349998,3.600098,1.199997,0.000244,0.000000,0,1,0,0,0.058632,0.000000,0,5
1,9.000000,-2.099998,1.800049,0.299999,-7.800049,-1.049999,0.000366,0.000001,0,1,0,0,0.042003,0.000000,0,6
1,16.949951,-2.400000,7.949951,0.300001,6.149902,0.000002,0.000641,0.000000,1,1,0,0,0.043523,0.000000,0,7
1,14.250000,-2.700001,2.699951,0.300001,-5.250000,0.000000,0.000580,0.000001,0,1,0,0,0.320363,0.000000,0,8
1,-16.349976,-1.950001,2.099976,0.750000,-0.599976,0.449999,0.000641,0.000001,0,1,0,0,0.200851,0.000000,0,9
1,-11.099976,-1.049999,5.250000,0.900002,3.150024,0.150002,0.000427,0.000001,0,1,0,0,0.208592,0.000000,0,10
1,3.300049,-1.650000,7.799927,0.600000,2.549927,-0.300001,0.000183,0.000000,0,1,0,0,0.207717,0.000000,0,11
1,12.300049,-0.150000,9.000000,1.500000,1.200073,0.900000,0.000549,0.000000,0,1,0,0,0.128119,0.000000,0,12
1,7.349976,-1.650000,4.950073,1.500000,-4.049927,0.000000,0.000275,0.000000,0,1,0,0,0.098561,0.000000,0,13
1,-7.500000,-0.150000,0.150024,1.500000,-4.800049,0.000000,0.000305,0.000000,0,1,0,0,0.072958,0.000000,0,14
1,-20.849976,-0.299999,13.349976,0.150000,13.199951,-1.350000,0.000824,0.000001,0,0,0,0,0.047908,0.000000,0,15
1,-20.400024,-0.299999,0.449951,0.000000,-12.900024,-0.150000,0.000854,0.000001,0,1,0,0,0.036707,0.000000,1,0
1,-0.182373,-2.366129,20.217651,2.066130,19.767700,2.066130,0.032379,0.033871,0,1,0,0,0.024977,0.000000,0,1
1,0.000000,-1.650000,0.182373,0.716129,-20.035278,-1.350000,0.000000,0.000000,0,1,0,0,0.032922,0.000000,0,2
1,14.099976,-4.350000,14.099976,2.700001,13.917603,1.983871,0.000549,0.000001,0,1,0,0,0.049090,0.000000,0,3
1,15.449951,-1.650001,1.349976,2.700000,-12.750000,-0.000001,0.000580,0.000001,0,0,0,0,0.065364,0.000000,0,4
1,2.400024,-2.850000,13.049927,1.200000,11.699951,-1.500000,0.000122,0.000001,0,1,0,0,0.084509,0.000000,0,5
1,-12.750000,-4.050000,10.349976,1.200000,-2.699951,0.000000,0.000519,0.000001,1,1,0,0,0.095611,0.000000,0,6
1,-16.199951,-3.900000,3.449951,0.150000,-6.900024,-1.050000,0.000610,0.000001,0,1,0,0,0.384001,0.000000,0,7
1,-22.200012,0.150000,6.000061,3.750000,2.550110,3.600000,0.000916,0.000000,0,1,0,0,0.229294,0.000000,0,8
1,11.250000,-3.600000,10.950012,3.450000,4.949951,-0.300000,0.000458,0.000001,0,1,0,0,0.232022,0.000000,0,9
1,3.599976,-2.850000,7.650024,0.750000,-3.299988,-2.700000,0.000122,0.000001,0,0,0,0,0.235600,0.000000,0,10
1,-14.549988,0.900000,10.950012,1.950000,3.299988,1.200000,0.000580,0.000000,0,0,0,0,0.382663,0.000000,0,11
1,-16.349976,1.200000,1.799988,0.300000,-9.150024,-1.650000,0.000641,0.000000,0,0,0,0,0.349464,0.000000,0,12
1,-8.700012,1.500000,7.649963,0.300000,5.849976,-0.000000,0.000366,0.000000,0,0,0,0,0.323293,0.000000,0,13
1,7.500000,1.800000,1.200012,0.300000,-6.449951,0.000000,0.000305,0.000000,0,0,0,0,0.298163,0.000000,0,14
1,16.349976,2.100000,8.849976,0.300000,7.649963,0.000000,0.000641,0.000000,0,0,0,0,0.271069,0.000000,1,0
1,-3.653931,10.386786,12.696045,8.286785,3.846069,7.986785,0.054077,0.036787,0,1,0,0,0.249136,0.000000,0,1
1,11.099976,-0.300000,7.446045,10.086785,-5.250000,1.800000,0.000427,0.000000,0,1,0,0,0.212618,0.000000,0,2
1,-4.650024,0.300000,6.449951,0.000000,-0.996094,-10.086785,0.000214,0.000000,0,1,0,0,0.178545,0.000000,0,3
1,-16.200012,1.950000,11.549988,1.650000,5.100037,1.650000,0.000671,0.000000,0,1,0,0,0.140854,0.000000,0,4
1,-12.750000,0.750000,3.450012,1.200000,-8.099976,-0.450000,0.000519,0.000000,0,1,0,0,0.102204,0.000000,0,5
1,2.400024,-0.150000,10.349976,0.600000,6.899963,-0.599999,0.000122,0.000000,1,1,0,0,0.067007,0.000000,0,6
1,15.450012,0.600000,13.049988,0.450001,2.700012,-0.150000,0.000641,0.000000,0,1,0,0,0.276463,0.000000,0,7
1,27.600037,4.050000,12.150024,3.450000,-0.899963,2.999999,0.001160,0.000001,0,1,0,0,0.172664,0.000000,0,8
1,-9.900024,2.850000,17.700012,1.200000,5.549988,-2.250000,0.000427,0.000001,0,1,0,0,0.181361,0.000000,0,9
1,-9.750000,1.650000,0.150024,1.200001,-17.549988,0.000001,0.000397,0.000000,0,1,0,0,0.190357,0.000000,0,10
1,0.150024,1.650000,9.599976,0.000000,9.449951,-1.200001,0.000031,0.000000,0,1,0,0,0.198576,0.000000,0,11
1,13.349976,1.799999,13.199951,0.150000,3.599976,0.150000,0.000519,0.000000,0,0,0,0,0.205000,0.000000,0,12
1,15.300049,1.650000,1.950073,0.150000,-11.249878,0.000000,0.000671,0.000000,0,1,0,0,0.186550,0.000000,1,0
1,0.676392,-0.654722,14.623657,0.995277,12.673584,0.845278,0.073578,0.054722,0,1,0,0,0.186603,0.000000,0,1
1,4.650024,1.650000,3.973633,0.995277,-10.650024,0.000000,0.000214,0.000000,0,1,0,0,0.367993,0.000000,0,2
1,-11.099976,0.150000,6.449951,1.500000,2.476318,0.504723,0.000427,0.000000,0,1,0,0,0.309572,0.000000,0,3
1,-16.799988,3.600000,5.700012,3.450001,-0.749939,1.950001,0.000671,0.000001,0,1,0,0,0.260911,0.000000,0,4
1,-6.900024,0.000000,9.899963,3.600000,4.199951,0.150000,0.000305,0.000000,0,1,0,0,0.215728,0.000000,0,5
1,9.150024,-0.299999,2.250000,0.299999,-7.649963,-3.300001,0.000397,0.000001,1,1,0,0,0.178675,0.000000,0,6
1,16.950012,-0.599998,7.799988,0.299999,5.549988,0.000000,0.000702,0.000001,0,1,0,0,0.208646,0.000000,0,7
1,9.750000,-0.750000,7.200012,0.150002,-0.599976,-0.149998,0.000397,0.000000,0,1,0,0,0.139769,0.000000,0,8
1,-16.199951,-0.450001,6.449951,0.299999,-0.750061,0.149998,0.000610,0.000001,0,1,0,0,0.152857,0.000000,0,9
1,-9.599976,0.600000,6.599976,0.150000,0.150024,-0.150000,0.000366,0.000000,0,1,0,0,0.164072,0.000000,0,10
1,5.400024,0.900000,4.199951,0.299999,-2.400024,0.150000,0.000244,0.000000,0,1,0,0,0.175005,0.000000,0,11
1,15.000000,-0.450001,9.599976,0.449999,5.400024,0.150000,0.000610,0.000001,0,0,0,0,0.180006,0.000000,0,12
1,9.599976,-1.350000,5.400024,0.900000,-4.199951,0.450001,0.000366,0.000001,0,1,0,0,0.163806,0.000000,1,0
1,-32.194580,-7.722586,22.594604,6.372585,17.194580,5.472586,0.054108,0.072587,0,1,0,0,0.160942,0.000000,0,1
1,-2.549988,0.000000,29.644592,7.722586,7.049988,1.350000,0.000092,0.000000,0,1,0,0,0.163251,0.000000,0,2
1,-15.450012,0.600000,12.900024,0.600000,-16.744568,-7.122585,0.000641,0.000000,0,1,0,0,0.173725,0.000000,0,3
1,-14.099976,-1.500000,1.350037,0.900000,-11.549988,0.299999,0.000549,0.000000,0,1,0,0,0.181543,0.000000,0,4
1,0.150024,-3.750000,13.949951,2.250000,12.599915,1.350000,0.000031,0.000001,1,1,0,0,0.189318,0.000000,0,5
1,14.250000,-3.900001,14.099976,0.150001,0.150024,-2.099999,0.000580,0.000001,0,1,0,0,0.112094,0.000000,0,6
1,15.299988,-4.050000,1.049988,0.150000,-13.049988,-0.000001,0.000610,0.000001,0,1,0,0,0.084301,0.000000,0,7
1,-12.150024,-0.750000,3.149963,3.300000,2.099976,3.150001,0.000519,0.000000,0,1,0,0,0.098935,0.000000,0,8
1,-22.200012,-4.350000,10.049988,3.600000,6.900024,0.300000,0.000916,0.000001,0,1,0,0,0.108790,0.000000,0,9
1,-14.700012,-1.650000,7.500000,2.700000,-2.549988,-0.900000,0.000610,0.000000,0,1,0,0,0.116343,0.000000,0,10
1,-1.799988,-0.450000,12.900024,1.200000,5.400024,-1.500000,0.000061,0.000000,0,0,0,0,0.125611,0.000000,0,11
1,5.549988,-0.450000,3.750000,0.000000,-9.150024,-1.200000,0.000214,0.000000,0,1,0,0,0.122969,0.000000,1,0
1,4.143311,8.649523,1.406677,8.199523,-2.343323,8.199523,0.056519,0.050476,0,1,0,0,0.131300,0.000000,0,1
1,6.750000,-0.300000,2.606689,8.349523,1.200012,0.150000,0.000275,0.000000,0,1,0,0,0.145357,0.000000,0,2
1,-9.299988,-0.750000,2.549988,0.450000,-0.056702,-7.899523,0.000366,0.000000,0,1,0,0,0.157589,0.000000,0,3
1,-16.950012,0.000000,7.650024,0.750000,5.100037,0.300000,0.000702,0.000000,0,1,0,0,0.166621,0.000000,0,4
1,-8.849976,-1.200000,8.100037,1.200000,0.450012,0.450000,0.000336,0.000000,1,1,0,0,0.173894,0.000000,0,5
1,7.200012,-3.600000,1.649963,2.400001,-6.450073,1.200001,0.000305,0.000001,0,1,0,0,0.322529,0.000000,0,6
1,16.799988,-0.450000,9.599976,3.150001,7.950012,0.750000,0.000671,0.000000,0,1,0,0,0.187609,0.000000,0,7
1,26.099976,-1.200000,9.299988,0.750000,-0.299988,-2.400000,0.001038,0.000000,0,1,0,0,0.174385,0.000000,0,8
1,-3.000000,1.050000,23.099976,0.150000,13.799988,-0.600000,0.000122,0.000000,0,1,0,0,0.167459,0.000000,0,9
1,-0.150024,0.600000,2.849976,0.450000,-20.250000,0.300000,0.000031,0.000000,0,1,0,0,0.145264,0.000000,0,10
1,7.200012,1.650000,7.049988,1.050000,4.200012,0.600000,0.000305,0.000000,0,0,0,0,0.126366,0.000000,0,11
1,15.299988,1.950000,8.099976,0.300000,1.049988,-0.750000,0.000610,0.000001,0,1,0,0,0.092068,0.000000,1,0
1,-0.479736,4.825031,14.820251,2.875031,6.720276,2.575031,0.029755,0.025032,0,1,0,0,0.064834,0.000000,0,1
1,14.100037,-0.150000,13.620300,4.675032,-1.199951,1.800001,0.000610,0.000000,0,1,0,0,0.033365,0.000000,0,2
1,-0.300049,1.200000,13.799988,1.050000,0.179688,-3.625031,0.000061,0.000000,0,1,0,0,0.006741,0.000000,0,3
1,-14.400024,-0.750000,14.099976,0.450000,0.299988,-0.600000,0.000610,0.000000,0,1,0,0,0.024576,0.000000,0,4
1,-15.299988,1.800000,0.899963,1.050000,-13.200012,0.600000,0.000610,0.000000,1,1,0,0,0.048358,0.000000,0,5
1,-1.950012,-0.150000,13.349976,1.650001,12.450012,0.600000,0.000092,0.000000,0,1,0,0,0.344773,0.000000,0,6
1,13.049988,0.000000,11.099976,0.150000,-2.250000,-1.500001,0.000519,0.000000,0,1,0,0,0.209625,0.000000,0,7
1,17.549988,0.599999,4.500000,0.599999,-6.599976,0.450000,0.000702,0.000000,0,1,0,0,0.134670,0.000000,0,8
1,-11.549988,2.250000,6.000000,1.650001,1.500000,1.050001,0.000458,0.000000,0,1,0,0,0.097567,0.000000,0,9
1,-15.900024,3.450001,4.350037,1.200001,-1.649963,-0.450000,0.000671,0.000001,0,1,0,0,0.062813,0.000000,0,10
1,-5.400024,0.900000,10.500000,2.550001,6.149963,1.350000,0.000244,0.000000,0,1,0,0,0.031199,0.000000,0,11
1,9.900024,4.350000,4.500000,3.450001,-6.000000,0.900000,0.000427,0.000001,0,1,0,0,0.003589,0.000000,0,12
1,16.349976,1.350000,6.449951,3.000000,1.949951,-0.450001,0.000641,0.000001,0,0,0,0,0.003589,0.000000,0,13
1,7.350037,3.599998,8.999939,2.249998,2.549988,-0.750002,0.000336,0.000001,0,1,0,0,0.068446,0.000000,1,0
1,0.265259,-1.552694,7.084778,2.047304,-1.915161,-0.202694,0.034729,0.052695,0,1,0,0,0.059539,0.000000,0,1
1,-7.349976,2.100000,7.084717,0.547306,-0.000061,-1.499998,0.000275,0.000001,0,1,0,0,0.078765,0.000000,0,2
1,-16.799988,2.849998,9.450012,0.749998,2.365295,0.202692,0.000671,0.000001,0,1,0,0,0.094158,0.000000,0,3
1,-10.799988,3.150002,6.000000,0.300003,-3.450012,-0.449995,0.000427,0.000002,0,1,0,0,0.107704,0.000000,0,4
1,5.099976,-0.299999,5.700012,2.850002,-0.299988,2.549999,0.000183,0.000001,0,1,0,0,0.122348,0.000000,0,5
1,16.349976,-0.450001,11.250000,0.150002,5.549988,-2.700001,0.000641,0.000001,1,1,0,0,0.137324,0.000000,0,6
1,12.450012,-0.750000,3.899963,0.299999,-7.350037,0.149998,0.000519,0.000000,0,1,0,0,0.122566,0.000000,0,7
1,-18.900024,-1.049999,6.450012,0.299999,2.550049,0.000000,0.000793,0.000001,0,1,0,0,0.091446,0.000000,0,8
1,-12.750000,0.150002,6.150024,0.899998,-0.299988,0.599998,0.000519,0.000002,0,1,0,0,0.106665,0.000000,0,9
1,1.349976,0.000000,11.400024,0.150002,5.250000,-0.749996,0.000031,0.000000,0,1,0,0,0.121691,0.000000,0,10
1,12.900024,1.950001,11.550049,1.950001,0.150024,1.799999,0.000549,0.000001,0,1,0,0,0.136694,0.000000,0,11
1,10.500000,-0.299999,2.400024,1.650002,-9.150024,-0.299999,0.000427,0.000001,0,0,0,0,0.150208,0.000000,0,12
1,-1.049988,-0.450001,9.450012,0.150002,7.049988,-1.500000,0.000031,0.000001,0,1,0,0,0.154267,0.000000,1,0
1,-7.295776,-1.401230,6.245789,0.951229,-3.204224,0.801228,0.053925,0.051230,0,1,0,0,0.160145,0.000000,0,1
1,-13.049988,-3.150002,5.754211,1.748772,-0.491577,0.797543,0.000519,0.000002,0,1,0,0,0.170215,0.000000,0,2
1,-16.049988,-1.950001,3.000000,1.200001,-2.754211,-0.548771,0.000641,0.000001,0,1,0,0,0.177007,0.000000,0,3
1,-4.200012,-1.950001,11.849976,0.000000,8.849976,-1.200001,0.000183,0.000001,0,1,0,0,0.183287,0.000000,0,4
1,11.400024,-3.900000,7.200012,1.949999,-4.649963,1.949999,0.000488,0.000000,1,1,0,0,0.179891,0.000000,0,5
1,16.650024,-4.050001,5.250000,0.150002,-1.950012,-1.799997,0.000702,0.000002,0,1,0,0,0.419532,0.000000,0,6
1,6.450012,-4.200001,10.200012,0.150000,4.950012,-0.000002,0.000275,0.000001,0,1,0,0,0.249535,0.000000,0,7
1,-39.000000,-0.299999,32.549988,3.900002,22.349976,3.750002,0.001587,0.000001,0,1,0,0,0.235074,0.000000,0,8
1,-34.950012,-4.350000,4.049988,4.050001,-28.500000,0.150000,0.001434,0.000001,0,1,0,0,0.228091,0.000000,0,9
1,-2.099976,-0.450000,32.850037,3.900001,28.800049,-0.150001,0.000061,0.000000,0,1,0,0,0.222952,0.000000,0,10
1,13.349976,-0.450000,11.250000,0.000000,-21.600037,-3.900001,0.000519,0.000000,0,0,0,0,0.223801,0.000000,0,11
1,4.799988,-0.450000,8.549988,0.000000,-2.700012,0.000000,0.000183,0.000000,0,1,0,0,0.203659,0.000000,1,0
1,-35.182617,-8.624774,30.382629,8.174774,21.832642,8.174774,0.065948,0.074775,0,1,0,0,0.194923,0.000000,0,1
1,-5.250000,-0.150000,29.932617,8.474773,-0.450012,0.299999,0.000214,0.000000,0,1,0,0,0.170960,0.000000,0,2
1,-16.349976,0.000000,11.099976,0.150000,-18.832642,-8.324774,0.000641,0.000000,0,1,0,0,0.145861,0.000000,0,3
1,-12.450012,-3.900000,3.899963,3.900000,-7.200012,3.750000,0.000519,0.000001,0,1,0,0,0.121950,0.000000,0,4
1,3.000000,-1.800000,9.450012,2.100000,5.550049,-1.800000,0.000122,0.000000,1,0,0,0,0.106749,0.000000,0,5
1,15.599976,0.450000,12.599976,1.350000,3.149963,-0.750000,0.000610,0.000000,0,0,0,0,0.094730,0.000000,0,6
1,13.950012,-3.150000,1.649963,2.700000,-10.950012,1.350000,0.000580,0.000001,0,1,0,0,0.252077,0.000000,0,7
1,-36.299988,1.050000,22.349976,2.100000,20.700012,-0.600000,0.001465,0.000000,0,1,0,0,0.211063,0.000000,0,8
1,-30.150024,1.200000,6.149963,0.150000,-16.200012,-1.950000,0.001251,0.000000,0,1,0,0,0.178357,0.000000,0,9
1,-1.500000,1.650000,28.650024,0.450000,22.500061,0.300000,0.000061,0.000000,0,1,0,0,0.152342,0.000000,0,10
1,11.849976,1.950000,10.349976,0.300000,-18.300049,-0.150000,0.000458,0.000000,0,1,0,0,0.127663,0.000000,0,11
1,13.049988,2.100000,1.200012,0.150000,-9.149963,-0.150000,0.000519,0.000000,0,1,0,0,0.104396,0.000000,0,12
1,2.400024,-0.750000,10.649963,1.350000,9.449951,1.200000,0.000122,0.000000,0,1,0,0,0.088092,0.000000,0,13
1,-11.849976,0.000000,9.449951,0.750000,-1.200012,-0.600000,0.000458,0.000000,1,1,0,0,0.086180,0.000000,0,14
1,-15.750000,1.650000,3.900024,1.650000,-5.549927,0.900000,0.000641,0.000000,1,1,0,0,0.188482,0.000000,0,15
1,-4.950012,-0.450000,10.799988,1.200000,6.899963,-0.450000,0.000214,0.000000,0,1,0,0,0.388882,0.000000,0,16
1,11.400024,2.100000,6.450012,1.650000,-4.349976,0.450000,0.000488,0.000001,0,1,0,0,0.238204,0.000000,0,17
1,17.400024,3.750000,6.000000,1.650000,-0.450012,-0.000000,0.000732,0.000001,0,1,0,0,0.231601,0.000000,0,18
1,7.349976,4.050000,10.050049,0.300000,4.050049,-1.350000,0.000275,0.000001,0,1,0,0,0.224894,0.000000,0,19
1,-6.900024,2.700000,0.449951,1.350000,-9.600098,1.050001,0.000305,0.000000,0,1,0,0,0.222914,0.000000,0,20
1,-12.299988,4.350000,5.399963,1.650001,4.950012,0.300000,0.000488,0.000001,0,1,0,0,0.352383,0.000000,0,21
1,-3.299988,4.350000,9.000000,0.000000,3.600037,-1.650001,0.000122,0.000001,0,1,0,0,0.296802,0.000000,0,22
1,13.950012,0.450001,10.650024,3.900000,1.650024,3.900000,0.000580,0.000001,0,0,0,0,0.244844,0.000000,0,23
1,24.599976,2.850000,10.649963,2.400000,-0.000061,-1.500000,0.000977,0.000001,0,1,0,0,0.222808,0.000000,1,0
1,-1.356689,0.310825,23.243286,2.539175,12.593323,0.139175,0.006744,0.010825,0,1,0,0,0.183901,0.000000,0,1
1,12.299988,2.850000,10.943298,2.539175,-12.299988,0.000000,0.000488,0.000001,0,1,0,0,0.145582,0.000000,0,2
1,-3.150024,1.799999,9.149963,1.050001,-1.793335,-1.489174,0.000153,0.000000,0,1,0,0,0.111328,0.000000,0,3
1,-15.750000,0.300001,12.599976,1.499998,3.450012,0.449997,0.000641,0.000001,0,1,0,0,0.078190,0.000000,0,4
1,-13.799988,0.000000,1.950012,0.300001,-10.649963,-1.199997,0.000549,0.000000,1,1,0,0,0.062242,0.000000,0,5
1,0.750000,-0.150002,13.049988,0.150002,11.099976,-0.150000,0.000031,0.000002,0,1,0,0,0.276689,0.000000,0,6
1,14.700012,-0.450001,13.950012,0.299999,0.900024,0.149998,0.000610,0.000001,0,1,0,0,0.176028,0.000000,0,7
1,24.150024,1.349998,9.450012,0.899998,-4.500000,0.599998,0.001007,0.000001,0,1,0,0,0.185067,0.000000,0,8
1,-13.200012,1.650002,10.950012,0.300003,1.500000,-0.599995,0.000549,0.000002,0,1,0,0,0.187225,0.000000,0,9
1,-15.000000,-1.200001,1.799988,0.450001,-9.150024,0.149998,0.000610,0.000001,0,1,0,0,0.186226,0.000000,0,10
1,-2.849976,2.250000,12.150024,1.049999,10.350037,0.599998,0.000092,0.000000,0,0,0,0,0.186587,0.000000,0,11
1,12.150024,1.349998,9.300049,0.900002,-2.849976,-0.149998,0.000519,0.000001,0,1,0,0,0.169795,0.000000,1,0
1,8.947510,-0.123985,3.202515,1.226013,-6.097534,0.326012,0.052124,0.026015,0,1,0,0,0.173023,0.000000,0,1
1,16.650024,1.349998,7.702515,1.226013,4.500000,0.000000,0.000702,0.000001,0,1,0,0,0.178977,0.000000,0,2
1,6.299988,1.049999,10.350037,0.299999,2.647522,-0.926014,0.000244,0.000001,0,1,0,0,0.188616,0.000000,0,3
1,-9.750000,-2.549999,3.450012,1.500000,-6.900024,1.200001,0.000397,0.000000,0,1,0,0,0.194538,0.000000,0,4
1,-16.950012,-3.299999,7.200012,0.750000,3.750000,-0.750000,0.000702,0.000000,1,1,0,0,0.351980,0.000000,0,5
1,-8.400024,-3.600000,8.549988,0.300001,1.349976,-0.449999,0.000366,0.000001,0,1,0,0,0.064899,0.000000,0,6
1,7.799988,-3.750000,0.600037,0.150000,-7.949951,-0.150002,0.000305,0.000001,0,1,0,0,0.026308,0.000000,0,7
1,34.049988,0.000000,26.250000,3.750000,25.649963,3.600000,0.001373,0.000000,0,1,0,0,0.039393,0.000000,0,8
1,27.299988,-0.299999,6.750000,0.299999,-19.500000,-3.450001,0.001099,0.000001,0,1,0,0,0.053614,0.000000,0,9
1,-9.900024,-1.500000,17.399963,1.200001,10.649963,0.900002,0.000427,0.000000,0,1,0,0,0.072710,0.000000,0,10
1,-9.750000,-0.299999,0.150024,1.200001,-17.249939,0.000000,0.000397,0.000001,0,0,0,0,0.091524,0.000000,0,11
1,4.049988,-4.350000,5.700012,4.050001,5.549988,2.850000,0.000153,0.000001,0,1,0,0,0.083287,0.000000,1,0
1,-0.757568,1.195148,3.292419,3.154852,-2.407593,-0.895149,0.007599,0.004851,0,1,0,0,0.095238,0.000000,0,1
1,15.750000,-2.700001,14.992432,1.504852,11.700012,-1.650000,0.000641,0.000001,0,1,0,0,0.110684,0.000000,0,2
1,13.650024,-4.350000,2.099976,1.650000,-12.892456,0.145147,0.000580,0.000001,0,1,0,0,0.123297,0.000000,0,3
1,-0.900024,-4.200001,12.750000,0.150000,10.650024,-1.500000,0.000061,0.000001,0,1,0,0,0.135897,0.000000,0,4
1,-14.700012,-4.050000,13.799988,0.150001,1.049988,0.000001,0.000610,0.000001,1,1,0,0,0.149073,0.000000,0,5
1,-15.000000,-2.850000,0.299988,1.200000,-13.500000,1.049999,0.000610,0.000001,0,1,0,0,0.461284,0.000000,0,6
1,-1.349976,0.150000,13.650024,2.700000,13.350037,1.500000,0.000031,0.000000,0,1,0,0,0.277267,0.000000,0,7
1,14.549988,0.300000,13.200012,0.150000,-0.450012,-2.550000,0.000580,0.000000,0,1,0,0,0.277413,0.000000,0,8
1,-1.200012,0.600000,13.349976,0.300000,0.149963,0.150000,0.000061,0.000000,0,1,0,0,0.146786,0.000000,0,9
1,-19.049988,0.900000,17.849976,0.300000,4.500000,-0.000000,0.000763,0.000000,0,1,0,0,0.129580,0.000000,0,10
1,-25.650024,1.200000,6.600037,0.300000,-11.249939,0.000000,0.001068,0.000000,0,1,0,0,0.107808,0.000000,0,11
1,-18.450012,1.500000,7.200012,0.300000,0.599976,-0.000000,0.000763,0.000000,0,1,0,0,0.085834,0.000000,0,12
1,-3.599976,1.800000,14.850037,0.300000,7.650024,0.000000,0.000122,0.000000,0,0,0,0,0.071432,0.000000,0,13
1,10.349976,2.100000,6.750000,0.300000,-8.100037,0.000000,0.000397,0.000001,0,1,0,0,0.065003,0.000000,1,0
1,0.560242,23.860989,9.789734,21.760988,3.039734,21.460987,0.039734,0.010992,0,1,0,0,0.049211,0.000000,0,1
1,8.250000,2.700001,7.689758,21.160988,-2.099976,-0.600000,0.000336,0.000001,0,1,0,0,0.046355,0.000000,0,2
1,-7.950012,3.000000,0.299988,0.299999,-7.389771,-20.860989,0.000336,0.000000,0,1,0,0,0.053504,0.000000,0,3
1,-16.799988,-0.599998,8.849976,2.400002,8.549988,2.100002,0.000671,0.000001,0,1,0,0,0.063051,0.000000,0,4
1,-10.200012,-0.299999,6.599976,0.299999,-2.250000,-2.100002,0.000427,0.000001,0,1,0,0,0.056616,0.000000,0,5
1,5.700012,3.750000,4.500000,3.450001,-2.099976,3.150002,0.000244,0.000001,1,1,0,0,0.065962,0.000000,0,6
1,16.500000,0.000000,10.799988,3.750000,6.299988,0.299999,0.000671,0.000000,0,1,0,0,0.355174,0.000000,0,7
1,6.900024,4.200001,9.599976,4.200001,-1.200012,0.450001,0.000305,0.000001,0,1,0,0,0.213692,0.000000,0,8
1,-18.150024,0.450001,11.250000,3.750000,1.650024,-0.450001,0.000763,0.000001,0,1,0,0,0.219066,0.000000,0,9
1,-22.049988,3.450001,3.899963,3.000000,-7.350037,-0.750000,0.000885,0.000001,0,1,0,0,0.225284,0.000000,0,10
1,-14.700012,4.350002,7.349976,0.900002,3.450012,-2.099998,0.000610,0.000003,0,1,0,0,0.229808,0.000000,0,11
1,-9.450012,1.500000,5.250000,2.850002,-2.099976,1.950001,0.000397,0.000000,0,1,0,0,0.328362,0.000000,0,12
1,-6.000000,1.349998,3.450012,0.150002,-1.799988,-2.700001,0.000244,0.000001,0,1,0,0,0.283244,0.000000,0,13
1,-5.849976,0.299999,0.150024,1.049999,-3.299988,0.899998,0.000214,0.000001,0,0,0,0,0.265760,0.000000,0,14
1,-11.549988,0.299999,5.700012,0.000000,5.549988,-1.049999,0.000458,0.000001,0,0,0,0,0.266746,0.000000,1,0
1,29.874084,-15.507225,18.324097,15.207226,12.624084,15.207226,0.025299,0.057227,0,1,0,0,0.257749,0.000000,0,1
1,-15.900024,0.000000,13.974060,15.507225,-4.350037,0.299999,0.000671,0.000000,0,1,0,0,0.242849,0.000000,0,2
1,-3.599976,-0.150002,12.300049,0.150002,-1.674011,-15.357224,0.000122,0.000002,0,1,0,0,0.235174,0.000000,0,3
1,11.849976,-0.299999,8.250000,0.149998,-4.050049,-0.000004,0.000458,0.000001,0,1,0,0,0.225798,0.000000,0,4
1,16.500000,-0.599998,4.650024,0.299999,-3.599976,0.150002,0.000671,0.000001,1,1,0,0,0.213028,0.000000,0,5
1,6.000000,-0.900002,10.500000,0.300003,5.849976,0.000004,0.000244,0.000002,0,1,0,0,0.322548,0.000000,0,6
1,-10.049988,-1.200001,4.049988,0.299999,-6.450012,-0.000004,0.000397,0.000001,0,1,0,0,0.195456,0.000000,0,7
1,-3.299988,-1.500000,6.750000,0.299999,2.700012,0.000000,0.000122,0.000000,0,1,0,0,0.184250,0.000000,0,8
1,12.750000,-1.799999,9.450012,0.299999,2.700012,0.000000,0.000519,0.000000,0,1,0,0,0.172083,0.000000,0,9
1,16.349976,-1.650002,3.599976,0.149998,-5.850037,-0.150002,0.000641,0.000002,0,1,0,0,0.157719,0.000000,0,10
1,8.849976,-0.750000,7.500000,0.900002,3.900024,0.750004,0.000336,0.000000,0,0,0,0,0.145126,0.000000,0,11
1,-6.599976,-0.750000,2.250000,0.000000,-5.250000,-0.900002,0.000244,0.000000,0,1,0,0,0.121462,0.000000,1,0
1,6.453918,-9.579723,0.146057,8.829723,-2.103943,8.829723,0.004181,0.020275,0,1,0,0,0.118656,0.000000,0,1
1,-16.500000,-114.600014,10.046082,105.020294,9.900024,96.190567,0.000671,0.000032,0,1,0,0,0.127683,0.000000,0,2
1,-12.000000,0.300003,4.500000,114.300011,-5.546082,9.279716,0.000488,0.000003,0,1,0,0,0.140227,0.000000,0,3
1,3.450012,0.150002,8.549988,0.150002,4.049988,-114.150009,0.000153,0.000002,0,1,0,0,0.151766,0.000000,0,4
1,15.900024,0.000000,12.450012,0.150002,3.900024,0.000000,0.000671,0.000000,1,1,0,0,0.159945,0.000000,0,5
1,13.500000,-0.150002,2.400024,0.150002,-10.049988,0.000000,0.000549,0.000002,0,1,0,0,0.447657,0.000000,0,6
1,-1.200012,-0.300003,12.299988,0.150002,9.899963,0.000000,0.000061,0.000003,0,1,0,0,0.266928,0.000000,0,7
1,-3.750000,-0.204239,2.549988,0.095764,-9.750000,-0.054237,0.000153,0.054239,0,1,0,0,0.266601,0.000000,0,8
1,0.900024,0.000000,2.849976,0.204239,0.299988,0.108475,0.000061,0.000000,0,1,0,0,0.266577,0.000000,0,9
1,14.099976,0.000000,13.199951,0.000000,10.349976,-0.204239,0.000549,0.000000,0,1,0,0,0.264114,0.000000,0,10
1,15.150024,0.000000,1.050049,0.000000,-12.149902,0.000000,0.000641,0.000000,0,1,0,0,0.148083,0.000000,0,11
1,2.250000,0.000000,12.900024,0.000000,11.849976,0.000000,0.000092,0.000000,0,1,0,0,0.120709,0.000000,0,12
1,-12.150024,0.000000,9.900024,0.000000,-3.000000,0.000000,0.000519,0.000000,0,0,0,0,0.095320,0.000000,0,13
1,-16.049988,0.000000,3.899963,0.000000,-6.000061,0.000000,0.000641,0.000000,0,1,0,0,0.090938,0.000000,1,0
1,2.674866,93.263733,13.375122,93.263733,9.475159,93.263733,0.025024,0.036252,0,1,0,0,0.076547,0.000000,0,1
1,-5.849976,0.150000,3.175110,93.113731,-10.200012,-0.150002,0.000214,0.000000,0,1,0,0,0.066880,0.000000,0,2
1,10.200012,-3.450000,4.350037,3.300000,1.174927,-89.813728,0.000427,0.000001,0,1,0,0,0.072141,0.000000,0,3
1,16.950012,-3.300000,6.750000,0.150000,2.399963,-3.150000,0.000702,0.000001,0,1,0,0,0.087932,0.000000,0,4
1,7.950012,-3.000000,9.000000,0.300000,2.250000,0.150000,0.000336,0.000001,1,1,0,0,0.105019,0.000000,0,5
1,-8.099976,-1.050000,0.149963,1.950000,-8.850037,1.650001,0.000305,0.000000,0,1,0,0,0.375246,0.000000,0,6
1,-16.950012,1.350000,8.850037,0.300000,8.700073,-1.650001,0.000702,0.000000,0,1,0,0,0.230883,0.000000,0,7
1,-24.599976,1.800000,7.649963,0.450000,-1.200073,0.150001,0.000977,0.000000,0,1,0,0,0.220074,0.000000,0,8
1,3.900024,2.100000,20.699951,0.300000,13.049988,-0.150000,0.000183,0.000000,0,1,0,0,0.182769,0.000000,0,9
1,2.700012,2.400000,1.200012,0.300000,-19.499939,0.000000,0.000122,0.000000,0,1,0,0,0.140463,0.000000,0,10
1,-7.799988,2.700000,5.099976,0.300000,3.899963,0.000000,0.000305,0.000001,0,1,0,0,0.101829,0.000000,0,11
1,-17.250000,3.000000,9.450012,0.300000,4.350037,0.000000,0.000702,0.000001,0,1,0,0,0.068568,0.000000,0,12
1,-13.950012,3.150000,3.299988,0.150000,-6.150024,-0.150001,0.000580,0.000001,0,0,0,0,0.045567,0.000000,0,13
1,0.599976,1.500000,13.350037,1.650000,10.050049,1.500000,0.000000,0.000000,0,1,0,0,0.054197,0.000000,1,0
1,-1.165649,-0.585442,0.565674,0.914558,-12.784363,-0.735442,0.034302,0.014558,0,1,0,0,0.052798,0.000000,0,1
1,14.849976,1.050000,13.684326,0.464559,13.118652,-0.450000,0.000580,0.000000,0,1,0,0,0.057039,0.000000,0,2
1,14.700012,4.050000,0.149963,3.000000,-13.534363,2.535441,0.000610,0.000001,0,0,0,0,0.064987,0.000000,0,3
1,0.900024,0.600000,13.799988,3.450000,13.650024,0.450000,0.000061,0.000000,0,1,0,0,0.084546,0.000000,0,4
1,-13.650024,4.350000,12.750000,3.750000,-1.049988,0.300000,0.000580,0.000001,0,1,0,0,0.094029,0.000000,0,5
1,-15.750000,0.450001,2.099976,3.900000,-10.650024,0.150000,0.000641,0.000001,1,1,0,0,0.111114,0.000000,0,6
1,-3.299988,4.200001,12.450012,3.750000,10.350037,-0.150000,0.000122,0.000001,0,1,0,0,0.394269,0.000000,0,7
1,18.599976,0.600000,15.299988,3.600000,2.849976,-0.150000,0.000732,0.000000,0,1,0,0,0.241269,0.000000,0,8
1,4.200012,2.850000,14.399963,2.250000,-0.900024,-1.350000,0.000183,0.000001,0,1,0,0,0.245511,0.000000,0,9
1,-10.650024,4.200001,6.450012,1.350000,-7.949951,-0.900000,0.000458,0.000001,0,1,0,0,0.249215,0.000000,0,10
1,-16.049988,4.200001,5.399963,0.000000,-1.050049,-1.350000,0.000641,0.000001,0,1,0,0,0.250961,0.000000,0,11
1,-6.599976,0.450001,9.450012,3.750000,4.050049,3.750000,0.000244,0.000001,0,1,0,0,0.148420,0.000000,0,12
1,8.849976,3.000000,2.250000,2.549999,-7.200012,-1.200001,0.000336,0.000000,0,1,0,0,0.113761,0.000000,0,13
1,16.349976,1.200001,7.500000,1.799999,5.250000,-0.750000,0.000641,0.000001,0,0,0,0,0.080062,0.000000,0,14
1,8.549988,-0.450001,7.799988,0.750000,0.299988,-1.049999,0.000336,0.000001,0,1,0,0,0.066572,0.000000,1,0
1,-10.431519,0.518391,1.881531,0.068390,-5.918457,-0.681610,0.068054,0.068391,0,1,0,0,0.050642,0.000000,0,1
1,-6.150024,0.000000,4.281494,0.518391,2.399963,0.450001,0.000275,0.000000,0,1,0,0,0.047018,0.000000,0,2
1,-16.650024,2.400002,10.500000,2.400002,6.218506,1.881611,0.000702,0.000002,0,1,0,0,0.061034,0.000000,0,3
1,-11.700012,0.450001,4.950012,1.950001,-5.549988,-0.450001,0.000488,0.000001,0,1,0,0,0.068851,0.000000,0,4
1,3.750000,-1.950001,7.950012,1.500000,3.000000,-0.450001,0.000153,0.000001,1,1,0,0,0.080687,0.000000,0,5
1,15.900024,-2.250000,12.150024,0.299999,4.200012,-1.200001,0.000671,0.000000,0,1,0,0,0.367643,0.000000,0,6
1,13.349976,-2.099998,2.550049,0.150002,-9.599976,-0.149998,0.000519,0.000001,0,1,0,0,0.226544,0.000000,0,7
1,6.000000,-2.849998,7.349976,0.750000,4.799927,0.599998,0.000244,0.000001,0,1,0,0,0.232155,0.000000,0,8
1,-4.950012,-3.150000,1.049988,0.300001,-6.299988,-0.449999,0.000214,0.000000,0,1,0,0,0.231463,0.000000,0,9
1,8.400024,-3.450001,3.450012,0.300001,2.400024,0.000000,0.000366,0.000001,0,1,0,0,0.166200,0.000000,0,10
1,18.000000,-3.750000,9.599976,0.299999,6.149963,-0.000002,0.000732,0.000001,0,1,0,0,0.127598,0.000000,0,11
1,15.299988,-2.550001,2.700012,1.199999,-6.899963,0.900000,0.000610,0.000002,0,1,0,0,0.091002,0.000000,0,12
1,2.400024,-1.200001,12.899963,1.350000,10.199951,0.150002,0.000122,0.000001,0,0,0,0,0.063769,0.000000,0,13
1,-11.849976,-0.150000,9.449951,1.050001,-3.450012,-0.299999,0.000458,0.000000,0,1,0,0,0.060685,0.000000,1,0
1,-0.552368,3.121216,11.297607,2.971216,1.847656,1.921215,0.047607,0.028784,0,1,0,0,0.049333,0.000000,0,1
1,-16.500000,-1.799999,15.947632,1.321217,4.650024,-1.650000,0.000671,0.000000,0,1,0,0,0.042279,0.000000,0,2
1,-5.549988,-4.200001,10.950012,2.400002,-4.997620,1.078785,0.000214,0.000001,0,1,0,0,0.048711,0.000000,0,3
1,10.349976,-0.900000,4.799988,3.300001,-6.150024,0.900000,0.000397,0.000000,0,1,0,0,0.066107,0.000000,0,4
1,16.799988,-4.200001,6.450012,3.300001,1.650024,0.000000,0.000671,0.000001,0,1,0,0,0.085907,0.000000,0,5
1,7.799988,-0.300000,9.000000,3.900001,2.549988,0.599999,0.000305,0.000000,1,1,0,0,0.104172,0.000000,0,6
1,-8.400024,-3.900001,0.600037,3.600000,-8.399963,-0.300000,0.000366,0.000001,0,1,0,0,0.387497,0.000000,0,7
1,-24.150024,-4.050000,15.750000,0.150000,15.149963,-3.450001,0.001007,0.000001,0,1,0,0,0.207631,0.000000,0,8
1,8.849976,-3.750000,15.300049,0.300000,-0.449951,0.150000,0.000336,0.000001,0,1,0,0,0.163400,0.000000,0,9
1,19.799988,0.300000,10.950012,3.450000,-4.350037,3.150001,0.000793,0.000000,0,0,0,0,0.127215,0.000000,0,10
1,11.700012,-1.350000,8.099976,1.050000,-2.850037,-2.400000,0.000488,0.000000,0,1,0,0,0.120333,0.000000,1,0
1,-0.215881,-3.404127,11.484131,2.054127,3.384155,1.004126,0.065887,0.045873,0,1,0,0,0.101378,0.000000,0,1
1,-3.900024,-1.050000,3.684143,2.354127,-7.799988,0.300000,0.000183,0.000000,0,1,0,0,0.085602,0.000000,0,2
1,-16.049988,1.350000,12.149963,0.300000,8.465820,-2.054127,0.000641,0.000000,0,1,0,0,0.072028,0.000000,0,3
1,-13.200012,1.650000,2.849976,0.300000,-9.299988,-0.000000,0.000549,0.000000,1,1,0,0,0.063358,0.000000,0,4
1,1.650024,1.950000,11.549988,0.300000,8.700012,0.000000,0.000092,0.000000,1,1,0,0,0.150881,0.000000,0,5
1,15.000000,-1.650000,13.349976,0.300000,1.799988,0.000000,0.000610,0.000000,0,1,0,0,0.376757,0.000000,0,6
1,14.549988,-0.750000,0.450012,0.900000,-12.899963,0.600000,0.000580,0.000000,0,1,0,0,0.227512,0.000000,0,7
1,-13.650024,-1.050000,0.899963,0.300000,0.449951,-0.600000,0.000580,0.000000,0,1,0,0,0.231961,0.000000,0,8
1,-14.849976,-0.750000,1.199951,0.300000,0.299988,0.000000,0.000580,0.000000,0,1,0,0,0.237082,0.000000,0,9
1,-4.500000,3.450000,10.349976,2.700000,9.150024,2.400000,0.000183,0.000001,0,1,0,0,0.241693,0.000000,0,10
1,6.000000,3.450000,1.500000,0.000000,-8.849976,-2.700000,0.000244,0.000001,0,0,0,0,0.245917,0.000000,0,11
1,8.849976,3.900001,2.849976,0.450000,1.349976,0.450000,0.000336,0.000001,0,1,0,0,0.223784,0.000000,1,0
1,-16.675049,3.217207,7.825073,0.682793,4.975098,0.232793,0.025726,0.067208,0,1,0,0,0.216634,0.000000,0,1
1,5.400024,0.300000,11.275024,2.917207,3.449951,2.234414,0.000244,0.000000,0,1,0,0,0.200583,0.000000,0,2
1,-10.500000,1.950000,5.099976,1.650000,-6.175049,-1.267208,0.000427,0.000000,0,1,0,0,0.184737,0.000000,0,3
1,-16.799988,0.450000,6.299988,1.500000,1.200012,-0.150000,0.000671,0.000000,0,1,0,0,0.166541,0.000000,0,4
1,-7.650024,3.300000,9.149963,2.850000,2.849976,1.350000,0.000336,0.000001,1,1,0,0,0.168551,0.000000,0,5
1,8.549988,2.700001,0.899963,0.599999,-8.250000,-2.250001,0.000336,0.000001,0,1,0,0,0.415552,0.000000,0,6
1,16.950012,0.450001,8.400024,2.250000,7.500061,1.650001,0.000702,0.000001,0,1,0,0,0.250167,0.000000,0,7
1,-5.400024,4.350000,11.549988,3.900000,3.149963,1.650000,0.000244,0.000001,0,1,0,0,0.250402,0.000000,0,8
1,-17.250000,4.200001,11.849976,0.150000,0.299988,-3.750000,0.000702,0.000001,0,1,0,0,0.247013,0.000000,0,9
1,-10.349976,3.600000,6.900024,0.600000,-4.949951,0.450001,0.000397,0.000001,0,1,0,0,0.242043,0.000000,0,10
1,4.950012,2.400002,5.399963,1.199999,-1.500061,0.599998,0.000214,0.000002,0,0,0,0,0.240457,0.000000,0,11
1,15.900024,1.950001,10.950012,0.450001,5.550049,-0.749998,0.000671,0.000001,0,1,0,0,0.230308,0.000000,1,0
1,0.614136,1.692291,15.285889,0.257710,4.335876,-0.192291,0.014160,0.042292,0,1,0,0,0.228981,0.000000,0,1
1,13.200012,0.000000,12.585876,1.692291,-2.700012,1.434582,0.000549,0.000000,0,1,0,0,0.234372,0.000000,0,2
1,-1.799988,0.599998,11.400024,0.599998,-1.185852,-1.092293,0.000061,0.000001,0,1,0,0,0.239265,0.000000,0,3
1,-15.150024,-1.349998,13.350037,0.750000,1.950012,0.150002,0.000641,0.000001,0,1,0,0,0.242720,0.000000,0,4
1,-14.549988,2.250000,0.600037,0.900002,-12.750000,0.150002,0.000580,0.000000,1,1,0,0,0.243859,0.000000,0,5
1,-0.450012,-1.950001,14.099976,0.299999,13.499939,-0.600002,0.000031,0.000001,0,1,0,0,0.527958,0.000000,0,6
1,13.950012,-2.250000,13.500000,0.299999,-0.599976,0.000000,0.000580,0.000000,0,1,0,0,0.313626,0.000000,0,7
1,33.750000,-0.900002,19.799988,1.349998,6.299988,1.049999,0.001373,0.000002,0,1,0,0,0.309728,0.000000,0,8
1,15.000000,0.750000,18.750000,0.150002,-1.049988,-1.199997,0.000610,0.000000,0,1,0,0,0.303569,0.000000,0,9
1,-3.150024,-3.150000,11.849976,2.400000,-6.900024,2.249998,0.000153,0.000000,0,1,0,0,0.284395,0.000000,0,10
1,4.950012,0.000000,1.799988,3.150000,-10.049988,0.750000,0.000214,0.000000,0,0,0,0,0.267011,0.000000,0,11
1,17.849976,-3.600000,12.899963,3.600000,11.099976,0.450001,0.000702,0.000001,0,1,0,0,0.217555,0.000000,1,0
1,33.966919,-3.113659,16.116943,0.486341,3.216980,-3.113659,0.068298,0.036341,0,1,0,0,0.424046,0.000000,0,1
1,16.799988,-3.750000,17.166931,0.636341,1.049988,0.150000,0.000671,0.000001,0,1,0,0,0.360550,0.000000,0,2
1,7.500000,-0.600000,9.299988,3.150000,-7.866943,2.513659,0.000305,0.000000,0,1,0,0,0.302626,0.000000,0,3
1,-8.700012,-2.400000,1.200012,1.799999,-8.099976,-1.350000,0.000366,0.000000,0,1,0,0,0.250149,0.000000,0,4
1,-16.950012,-2.400001,8.250000,0.000001,7.049988,-1.799998,0.000702,0.000001,0,1,0,0,0.203363,0.000000,0,5
1,-9.599976,-3.600000,7.350037,1.200000,-0.899963,1.199999,0.000366,0.000001,0,1,0,0,0.159797,0.000000,0,6
1,6.599976,-4.350000,3.000000,0.750000,-4.350037,-0.450000,0.000244,0.000001,1,1,0,0,0.121564,0.000000,0,7
1,18.599976,-4.350000,12.000000,0.000000,9.000000,-0.750000,0.000732,0.000001,0,1,0,0,0.202748,0.000000,0,8
1,-2.549988,-4.350000,16.049988,0.000000,4.049988,0.000000,0.000092,0.000001,0,1,0,0,0.135896,0.000000,0,9
1,-13.799988,-3.600000,11.250000,0.750000,-4.799988,0.750000,0.000549,0.000001,0,1,0,0,0.149663,0.000000,0,10
1,-10.349976,-0.450000,3.450012,3.150001,-7.799988,2.400001,0.000397,0.000000,0,1,0,0,0.161783,0.000000,0,11
1,3.750000,0.000000,6.599976,0.450000,3.149963,-2.700001,0.000153,0.000000,0,1,0,0,0.173117,0.000000,0,12
1,15.299988,0.150000,11.549988,0.150000,4.950012,-0.300000,0.000610,0.000000,0,1,0,0,0.183159,0.000000,0,13
1,13.650024,0.450000,1.649963,0.300000,-9.900024,0.150000,0.000580,0.000000,0,1,0,0,0.190923,0.000000,0,14
1,-0.599976,0.750000,13.050049,0.300000,11.400085,0.000000,0.000000,0.000000,0,1,0,0,0.198493,0.000000,0,15
1,-13.799988,0.900000,13.200012,0.150000,0.149963,-0.150000,0.000549,0.000000,0,1,0,0,0.200101,0.000000,0,16
1,-13.650024,-1.050000,0.149963,0.150000,-13.050049,0.000000,0.000580,0.000000,0,0,0,0,0.198995,0.000000,0,17
1,-1.049988,-1.800000,12.600037,0.750000,12.450073,0.600000,0.000031,0.000000,0,1,0,0,0.181085,0.000000,0,18
1,13.200012,1.800000,12.150024,0.000000,-0.450012,-0.750000,0.000549,0.000000,1,1,0,0,0.184428,0.000000,0,19
1,15.599976,-1.650000,2.399963,0.150000,-9.750061,0.150000,0.000610,0.000000,0,1,0,0,0.473840,0.000000,0,20
1,3.900024,-0.150000,11.699951,1.500000,9.299988,1.350000,0.000183,0.000000,0,1,0,0,0.281356,0.000000,0,21
1,-11.099976,0.000000,7.199951,0.150000,-4.500000,-1.350000,0.000427,0.000000,0,1,0,0,0.109683,0.000000,0,22
1,-16.349976,3.150000,5.250000,3.150000,-1.949951,3.000000,0.000641,0.000001,0,1,0,0,0.085472,0.000000,0,23
1,-9.000000,3.300000,7.349976,0.150000,2.099976,-3.000000,0.000366,0.000001,0,1,0,0,0.052820,0.000000,0,24
1,1.349976,3.600000,7.650024,0.300000,0.300049,0.150000,0.000031,0.000001,0,1,0,0,0.024470,0.000000,0,25
1,2.400024,3.750000,1.050049,0.150000,-6.599976,-0.150001,0.000122,0.000001,0,1,0,0,0.006394,0.000000,0,26
1,1.950012,4.050000,0.450012,0.300000,-0.600037,0.150001,0.000092,0.000001,0,0,0,0,0.006394,0.000000,0,27
1,-7.049988,4.200000,5.099976,0.150000,4.649963,-0.150001,0.000275,0.000000,0,1,0,0,0.073330,0.000000,1,0
1,5.506470,31.929993,1.543518,27.729992,-3.556458,27.579992,0.043304,0.020002,0,1,0,0,0.048757,0.000000,0,1
1,-16.650024,2.700001,11.143555,29.229992,9.600037,1.500000,0.000702,0.000001,0,1,0,0,0.059043,0.000000,0,2
1,-11.250000,3.900002,5.400024,1.200001,-5.743530,-28.029991,0.000458,0.000002,0,1,0,0,0.064995,0.000000,0,3
1,4.349976,4.350002,6.900024,0.450001,1.500000,-0.750000,0.000153,0.000003,0,1,0,0,0.105868,0.000000,0,4
1,16.200012,0.450001,11.850037,3.900002,4.950012,3.450001,0.000671,0.000001,0,0,0,0,0.120150,0.000000,0,5
1,13.049988,0.299999,3.150024,0.150002,-8.700012,-3.750000,0.000519,0.000001,1,0,0,0,0.124601,0.000000,0,6
1,-2.099976,0.150002,10.950012,0.149998,7.799988,-0.000004,0.000061,0.000002,0,0,0,0,0.191343,0.000000,0,7
1,-34.950012,0.150002,32.850037,0.000000,21.900024,-0.149998,0.001434,0.000002,0,1,0,0,0.114947,0.000000,0,8
1,-33.299988,0.000000,1.650024,0.150002,-31.200012,0.150002,0.001343,0.000000,0,1,0,0,0.120260,0.000000,0,9
1,-26.099976,-0.150002,7.200012,0.150002,5.549988,0.000000,0.001038,0.000002,0,1,0,0,0.123965,0.000000,0,10
1,9.900024,-0.450001,16.199951,0.299999,8.999939,0.149998,0.000427,0.000001,0,1,0,0,0.133529,0.000000,0,11
1,-4.650024,-0.599998,5.250000,0.149998,-10.949951,-0.150002,0.000214,0.000001,0,0,0,0,0.142828,0.000000,0,12
1,-24.000000,-0.900002,19.349976,0.300003,14.099976,0.150005,0.000977,0.000002,0,1,0,0,0.127667,0.000000,1,0
1,-67.516113,-21.723434,43.516113,20.823433,24.166138,20.523430,0.018860,0.026562,0,1,0,0,0.125133,0.000000,0,1
1,-16.349976,1.650002,51.166138,20.073433,7.650024,-0.750000,0.000641,0.000002,0,0,0,0,0.122919,0.000000,0,2
1,-4.950012,1.200001,11.399963,0.450001,-39.766174,-19.623432,0.000214,0.000001,0,0,0,0,0.088646,0.000000,0,3
1,10.799988,-2.099998,5.849976,0.899998,-5.549988,0.449997,0.000427,0.000001,0,0,0,0,0.066425,0.000000,0,4
1,16.799988,-2.400002,6.000000,0.300003,0.150024,-0.599995,0.000671,0.000002,1,0,0,0,0.042336,0.000000,0,5
1,7.200012,-2.700001,9.599976,0.299999,3.599976,-0.000004,0.000305,0.000001,0,0,0,0,0.100541,0.000000,0,6
1,-9.000000,-1.500000,1.799988,1.200001,-7.799988,0.900002,0.000366,0.000000,0,1,0,0,0.072358,0.000000,0,7
1,-34.349976,0.600000,25.349976,0.900000,23.549988,-0.300001,0.001373,0.000000,0,1,0,0,0.085477,0.000000,0,8
1,-16.500000,-3.600000,17.849976,3.000000,-7.500000,2.100000,0.000671,0.000001,0,1,0,0,0.101767,0.000000,0,9
1,16.200012,-1.650000,0.299988,1.950001,-17.549988,-1.049999,0.000671,0.000000,0,1,0,0,0.118571,0.000000,0,10
1,9.900024,-2.250000,6.299988,0.600000,6.000000,-1.350000,0.000427,0.000000,0,0,0,0,0.133735,0.000000,0,11
1,-5.400024,-1.799999,4.500000,0.450001,-1.799988,-0.150000,0.000244,0.000000,0,1,0,0,0.140976,0.000000,1,0
1,0.037292,-0.961216,5.362732,0.838783,0.862732,0.388783,0.037292,0.061216,0,1,0,0,0.148132,0.000000,0,1
1,-16.200012,-3.300001,16.162720,2.338785,10.799988,1.500002,0.000671,0.000002,0,1,0,0,0.160499,0.000000,0,2
1,-12.900024,-2.400001,3.299988,0.900001,-12.862732,-1.438785,0.000549,0.000001,0,1,0,0,0.170597,0.000000,0,3
1,2.250000,-0.450000,10.650024,1.950001,7.350037,1.050000,0.000092,0.000000,0,1,0,0,0.264104,0.000000,0,4
1,15.299988,-4.350000,13.049988,3.900001,2.399963,1.950000,0.000610,0.000001,1,1,0,0,0.219910,0.000000,0,5
1,14.250000,-0.300000,1.049988,4.050000,-12.000000,0.150000,0.000580,0.000000,0,1,0,0,0.167074,0.000000,0,6
1,0.000000,-1.200000,14.250000,0.900000,13.200012,-3.150001,0.000000,0.000000,0,1,0,0,0.101250,0.000000,0,7
1,13.500000,-4.050000,13.500000,2.850000,-0.750000,1.950001,0.000549,0.000001,0,1,0,0,0.115117,0.000000,0,8
1,-0.900024,-1.200000,12.599976,2.850000,-0.900024,-0.000000,0.000061,0.000000,0,1,0,0,0.128762,0.000000,0,9
1,12.900024,0.150000,12.000000,1.050000,-0.599976,-1.800000,0.000549,0.000000,0,1,0,0,0.139730,0.000000,0,10
1,15.299988,0.300000,2.399963,0.150000,-9.600037,-0.900000,0.000610,0.000000,0,0,0,0,0.147465,0.000000,0,11
1,3.450012,0.600000,11.849976,0.300000,9.450012,0.150000,0.000153,0.000000,0,1,0,0,0.134193,0.000000,1,0
1,-2.570190,-3.682327,0.879822,3.082327,-10.970154,2.782327,0.020294,0.067673,0,1,0,0,0.138641,0.000000,0,1
1,-10.950012,-0.150000,8.379822,3.532327,7.500000,0.450000,0.000458,0.000000,0,1,0,0,0.150444,0.000000,0,2
1,-16.799988,1.500000,5.849976,1.350000,-2.529846,-2.182327,0.000671,0.000000,0,1,0,0,0.224582,0.000000,0,3
1,-7.049988,-2.100000,9.750000,0.600000,3.900024,-0.750000,0.000275,0.000000,0,1,0,0,0.184451,0.000000,0,4
1,9.000000,2.100000,1.950012,0.000000,-7.799988,-0.600000,0.000366,0.000000,0,1,0,0,0.142638,0.000000,0,5
1,16.950012,-1.500000,7.950012,0.600000,6.000000,0.600000,0.000702,0.000000,1,1,0,0,0.108720,0.000000,0,6
1,9.150024,-0.900000,7.799988,0.600000,-0.150024,0.000000,0.000397,0.000000,0,1,0,0,0.216865,0.000000,0,7
1,-20.400024,3.000000,11.250000,2.100000,3.450012,1.500000,0.000854,0.000001,0,1,0,0,0.144390,0.000000,0,8
1,-9.900024,3.300000,10.500000,0.300000,-0.750000,-1.800000,0.000427,0.000001,0,1,0,0,0.156929,0.000000,0,9
1,5.549988,2.850000,4.350037,0.450000,-6.149963,0.150000,0.000214,0.000000,0,1,0,0,0.168741,0.000000,0,10
1,15.900024,2.850000,10.350037,0.000000,6.000000,-0.450000,0.000671,0.000001,0,1,0,0,0.179052,0.000000,0,11
1,11.549988,0.000000,4.350037,2.850000,-6.000000,2.850000,0.000458,0.000000,0,0,0,0,0.187298,0.000000,0,12
1,-3.299988,4.050000,8.250000,4.050000,3.899963,1.200000,0.000122,0.000001,0,1,0,0,0.184252,0.000000,1,0
1,-15.475220,-5.718910,12.175232,1.668910,3.925232,-2.381090,0.025848,0.018911,0,1,0,0,0.187559,0.000000,0,1
1,-15.450012,4.350000,0.025208,1.368910,-12.150024,-0.300000,0.000641,0.000001,0,1,0,0,0.208025,0.000000,0,2
1,-14.250000,0.450000,1.200012,3.900001,1.174805,2.531091,0.000580,0.000000,0,1,0,0,0.163862,0.000000,0,3
1,0.000000,1.800000,14.250000,1.350000,13.049988,-2.550000,0.000000,0.000000,0,1,0,0,0.123688,0.000000,0,4
1,14.250000,0.600000,14.250000,1.200000,0.000000,-0.150001,0.000580,0.000000,0,0,0,0,0.090076,0.000000,0,5
1,15.450012,4.350000,1.200012,3.750000,-13.049988,2.550000,0.000641,0.000001,1,0,0,0,0.074251,0.000000,0,6
1,2.250000,4.200001,13.200012,0.150000,12.000000,-3.600000,0.000092,0.000001,0,1,0,0,0.108205,0.000000,0,7
1,-39.299988,4.050001,37.049988,0.150000,23.849976,0.000000,0.001587,0.000002,0,1,0,0,0.074856,0.000000,0,8
1,-16.950012,3.150000,22.349976,0.900002,-14.700012,0.750002,0.000702,0.000000,0,1,0,0,0.093388,0.000000,0,9
1,12.299988,-0.150002,4.650024,2.999998,-17.699951,2.099997,0.000488,0.000002,0,1,0,0,0.109264,0.000000,0,10
1,19.049988,1.200001,6.750000,1.049999,2.099976,-1.949999,0.000763,0.000001,0,1,0,0,0.121116,0.000000,0,11
1,11.099976,0.450001,7.950012,0.750000,1.200012,-0.299999,0.000427,0.000001,0,0,0,0,0.130950,0.000000,0,12
1,-6.750000,-0.900002,4.349976,0.450001,-3.600037,-0.299999,0.000275,0.000002,0,1,0,0,0.143588,0.000000,1,0
1,-13.279541,-14.311661,6.529541,13.411659,2.179565,12.961658,0.069916,0.061663,0,1,0,0,0.149933,0.000000,0,1
1,-16.950012,1.200001,3.670471,13.111660,-2.859070,-0.299999,0.000702,0.000001,0,1,0,0,0.156168,0.000000,0,2
1,-9.000000,2.100000,7.950012,0.900000,4.279541,-12.211660,0.000366,0.000001,0,1,0,0,0.165185,0.000000,0,3
1,7.049988,-2.100000,1.950012,0.000000,-6.000000,-0.900000,0.000275,0.000001,0,1,0,0,0.175583,0.000000,0,4
1,16.799988,-2.400000,9.750000,0.299999,7.799988,0.299999,0.000671,0.000000,1,1,0,0,0.185721,0.000000,0,5
1,10.950012,-1.500000,5.849976,0.900000,-3.900024,0.600000,0.000458,0.000000,0,1,0,0,0.446133,0.000000,0,6
1,-4.799988,-1.350000,6.150024,0.150000,0.300049,-0.750000,0.000183,0.000001,0,1,0,0,0.268484,0.000000,0,7
1,-16.650024,-0.150000,11.850037,1.200001,5.700012,1.050001,0.000702,0.000000,0,1,0,0,0.266595,0.000000,0,8
1,7.200012,-3.450001,9.450012,3.300001,-2.400024,2.100000,0.000305,0.000001,0,1,0,0,0.266827,0.000000,0,9
1,18.750000,0.150000,11.549988,3.300001,2.099976,0.000000,0.000763,0.000000,0,1,0,0,0.268805,0.000000,0,10
1,17.400024,-0.750000,1.349976,0.600000,-10.200012,-2.700001,0.000732,0.000000,0,0,0,0,0.269695,0.000000,0,11
1,0.900024,-0.750000,16.500000,0.000000,15.150024,-0.600000,0.000061,0.000000,0,1,0,0,0.267877,0.000000,1,0
1,-2.207947,-1.423358,1.307922,0.673358,-15.192078,0.673358,0.041962,0.073358,0,1,0,0,0.263060,0.000000,0,1
1,-14.250000,-4.350000,12.042053,2.926642,10.734131,2.253284,0.000580,0.000001,0,1,0,0,0.265384,0.000000,0,2
1,-15.299988,-0.450000,1.049988,3.900001,-10.992065,0.973358,0.000610,0.000000,0,1,0,0,0.224831,0.000000,0,3
1,-2.099976,-4.350000,13.200012,3.900001,12.150024,0.000000,0.000061,0.000001,0,1,0,0,0.201803,0.000000,0,4
1,12.900024,-4.350000,10.800049,0.000000,-2.399963,-3.900001,0.000549,0.000001,0,1,0,0,0.178502,0.000000,0,5
1,16.200012,-2.850000,3.299988,1.500000,-7.500061,1.500000,0.000671,0.000001,1,1,0,0,0.153911,0.000000,0,6
1,4.500000,-4.200001,11.700012,1.350000,8.400024,-0.150000,0.000183,0.000001,0,1,0,0,0.225712,0.000000,0,7
1,-10.049988,-0.150000,5.549988,4.050001,-6.150024,2.700001,0.000397,0.000000,0,1,0,0,0.148740,0.000000,0,8
1,-4.650024,0.000000,5.399963,0.150000,-0.150024,-3.900002,0.000214,0.000000,0,1,0,0,0.160622,0.000000,0,9
1,10.349976,0.000000,5.699951,0.000000,0.299988,-0.150000,0.000397,0.000000,0,1,0,0,0.172150,0.000000,0,10
1,18.150024,0.300000,7.800049,0.300000,2.100098,0.300000,0.000763,0.000000,0,1,0,0,0.181754,0.000000,0,11
1,9.299988,0.600000,8.850037,0.300000,1.049988,0.000000,0.000366,0.000000,0,0,0,0,0.189551,0.000000,0,12
1,-7.799988,0.750000,1.500000,0.150000,-7.350037,-0.150001,0.000305,0.000000,0,1,0,0,0.194445,0.000000,1,0
1,-0.058838,4.757431,7.741150,4.007431,6.241150,3.857431,0.058838,0.042568,0,1,0,0,0.188967,0.000000,0,1
1,-16.799988,1.200000,16.741150,3.557431,9.000000,-0.450000,0.000671,0.000000,0,1,0,0,0.153499,0.000000,0,2
1,-10.799988,0.300000,6.000000,0.900000,-10.741150,-2.657430,0.000427,0.000000,0,1,0,0,0.128195,0.000000,0,3
1,4.950012,1.200000,5.849976,0.900000,-0.150024,-0.000000,0.000214,0.000000,0,1,0,0,0.107793,0.000000,0,4
1,16.349976,0.900000,11.399963,0.300000,5.549988,-0.600000,0.000641,0.000000,0,1,0,0,0.088064,0.000000,0,5
1,12.599976,-1.200000,3.750000,0.300000,-7.649963,0.000000,0.000488,0.000000,0,1,0,0,0.071852,0.000000,0,6
1,-2.700012,-0.900000,9.899963,0.300000,6.149963,0.000000,0.000122,0.000000,1,1,0,0,0.067669,0.000000,0,7
1,-33.900024,2.850000,31.200012,1.950000,21.300049,1.650000,0.001404,0.000001,0,1,0,0,0.334539,0.000000,0,8
1,1.049988,-0.450000,32.850037,2.400000,1.650024,0.450000,0.000031,0.000000,0,1,0,0,0.205444,0.000000,0,9
1,15.599976,1.800000,14.549988,1.350000,-18.300049,-1.050000,0.000610,0.000000,0,1,0,0,0.207015,0.000000,0,10
1,15.750000,1.950000,0.150024,0.150000,-14.399963,-1.200000,0.000641,0.000000,0,1,0,0,0.205189,0.000000,0,11
1,1.349976,3.900000,14.400024,1.950000,14.250000,1.800000,0.000031,0.000001,0,1,0,0,0.187466,0.000000,0,12
1,-13.049988,2.250000,11.700012,1.650000,-2.700012,-0.300000,0.000519,0.000000,0,1,0,0,0.183614,0.000000,0,13
1,-15.150024,4.350000,2.100037,2.100000,-9.599976,0.450000,0.000641,0.000001,0,1,0,0,0.151489,0.000000,0,14
1,-3.150024,4.350001,12.000000,0.000001,9.899963,-2.099999,0.000153,0.000002,0,0,0,0,0.124290,0.000000,0,15
1,11.700012,4.350000,8.549988,0.000001,-3.450012,0.000000,0.000488,0.000001,0,1,0,0,0.127845,0.000000,1,0
1,-0.264404,-1.081961,11.435608,3.268040,2.885620,3.268039,0.035583,0.031961,0,1,0,0,0.116277,0.000000,0,1
1,16.650024,3.750000,16.385620,2.668039,4.950012,-0.600000,0.000702,0.000001,0,1,0,0,0.117814,0.000000,0,2
1,6.599976,4.350000,10.050049,0.600000,-6.335571,-2.068039,0.000244,0.000001,0,1,0,0,0.125473,0.000000,0,3
1,-9.450012,0.900000,2.850037,3.450001,-7.200012,2.850000,0.000397,0.000000,0,1,0,0,0.132267,0.000000,0,4
1,-16.950012,4.050001,7.500000,3.150002,4.649963,-0.299999,0.000702,0.000002,1,1,0,0,0.135713,0.000000,0,5
1,-8.849976,0.000000,8.100037,4.050001,0.600037,0.900000,0.000336,0.000000,0,1,0,0,0.338665,0.000000,0,6
1,7.349976,-0.299999,1.500000,0.299999,-6.600037,-3.750002,0.000275,0.000001,0,1,0,0,0.210276,0.000000,0,7
1,-5.849976,-0.450001,1.500000,0.150002,0.000000,-0.149998,0.000214,0.000001,0,1,0,0,0.217224,0.000000,0,8
1,-18.299988,-0.750000,12.450012,0.299999,10.950012,0.149998,0.000732,0.000000,0,1,0,0,0.223085,0.000000,0,9
1,-27.750000,-1.049999,9.450012,0.299999,-3.000000,0.000000,0.001129,0.000001,0,1,0,0,0.207124,0.000000,0,10
1,-20.250000,2.250000,7.500000,1.200001,-1.950012,0.900002,0.000824,0.000000,0,0,0,0,0.186893,0.000000,0,11
1,0.450012,-0.900002,19.799988,1.349998,12.299988,0.149998,0.000031,0.000002,0,1,0,0,0.144595,0.000000,1,0
1,7.920654,-3.116222,7.470642,2.216221,-12.329346,0.866222,0.029022,0.033777,0,1,0,0,0.120859,0.000000,0,1
1,15.599976,0.450001,7.679321,2.666222,0.208679,0.450001,0.000610,0.000001,0,0,0,0,0.107215,0.000000,0,2
1,13.950012,1.200001,1.649963,0.750000,-6.029358,-1.916222,0.000580,0.000001,0,0,0,0,0.087529,0.000000,0,3
1,-0.450012,-2.250000,13.500000,1.049999,11.850037,0.299999,0.000031,0.000000,0,1,0,0,0.076543,0.000000,0,4
1,-14.549988,-3.150000,14.099976,0.900000,0.599976,-0.150000,0.000580,0.000000,1,1,0,0,0.081181,0.000000,0,5
1,-15.150024,-3.450001,0.600037,0.300001,-13.499939,-0.599998,0.000641,0.000001,0,1,0,0,0.368115,0.000000,0,6
1,-1.950012,-2.250000,13.200012,1.200001,12.599976,0.900000,0.000092,0.000000,0,1,0,0,0.222474,0.000000,0,7
1,20.099976,-2.250000,18.149963,0.000000,4.949951,-1.200001,0.000793,0.000000,0,1,0,0,0.227926,0.000000,0,8
1,3.000000,0.000000,17.099976,2.250000,-1.049988,2.250000,0.000122,0.000000,0,1,0,0,0.233196,0.000000,0,9
1,-11.700012,-2.100000,8.700012,2.100000,-8.399963,-0.150000,0.000488,0.000001,0,1,0,0,0.236984,0.000000,0,10
1,-15.750000,-2.700000,4.049988,0.599999,-4.650024,-1.500001,0.000641,0.000000,0,0,0,0,0.238011,0.000000,0,11
1,-5.250000,-4.350000,10.500000,1.650001,6.450012,1.050001,0.000214,0.000001,0,1,0,0,0.216590,0.000000,1,0
1,9.515381,2.477378,4.265381,1.872622,-6.234619,0.222622,0.065765,0.072622,0,1,0,0,0.215598,0.000000,0,1
1,9.599976,-0.450000,0.084595,2.027378,-4.180786,0.154756,0.000366,0.000000,0,1,0,0,0.219018,0.000000,0,2
1,16.950012,-0.300000,7.350037,0.150000,7.265442,-1.877378,0.000702,0.000000,0,1,0,0,0.218955,0.000000,0,3
1,8.700012,-3.900001,8.250000,3.600000,0.899963,3.450001,0.000366,0.000001,0,1,0,0,0.225245,0.000000,0,4
1,-7.500000,-4.200000,1.200012,0.300000,-7.049988,-3.300001,0.000305,0.000001,1,1,0,0,0.225486,0.000000,0,5
1,-16.799988,0.000000,9.299988,4.200000,8.099976,3.900001,0.000671,0.000000,0,1,0,0,0.526642,0.000000,0,6
1,-10.650024,-3.900000,6.149963,3.900000,-3.150024,-0.300000,0.000458,0.000001,0,1,0,0,0.312973,0.000000,0,7
1,12.299988,0.300000,1.649963,3.600000,-4.500000,-0.300000,0.000488,0.000000,0,1,0,0,0.310014,0.000000,0,8
1,12.900024,0.450000,0.600037,0.150000,-1.049927,-3.450000,0.000549,0.000000,0,1,0,0,0.306049,0.000000,0,9
1,0.299988,-3.150000,12.600037,2.700000,12.000000,2.550000,0.000000,0.000001,0,1,0,0,0.302640,0.000000,0,10
1,-7.650024,-0.150000,7.350037,3.000000,-5.250000,0.300000,0.000336,0.000000,0,1,0,0,0.300510,0.000000,0,11
1,-3.450012,1.350000,4.200012,1.200000,-3.150024,-1.800000,0.000153,0.000000,0,1,0,0,0.181801,0.000000,0,12
1,9.900024,-2.250000,6.450012,0.900000,2.250000,-0.300000,0.000427,0.000001,0,0,0,0,0.139508,0.000000,0,13
1,21.150024,1.950000,11.250000,0.300000,4.799988,-0.600000,0.000885,0.000001,0,1,0,0,0.120947,0.000000,1,0
1,5.823547,6.253758,15.326477,4.303758,4.076477,4.003758,0.026215,0.046241,0,1,0,0,0.096403,0.000000,0,1
1,15.150024,2.550000,9.326477,3.703758,-6.000000,-0.600000,0.000641,0.000001,0,0,0,0,0.080850,0.000000,0,2
1,1.650024,0.750000,13.500000,1.800000,4.173523,-1.903758,0.000092,0.000000,0,0,0,0,0.092057,0.000000,0,3
1,-13.200012,0.300000,11.549988,0.450000,-1.950012,-1.350000,0.000549,0.000000,0,0,0,0,0.097325,0.000000,0,4
1,-16.049988,3.450001,2.849976,3.150001,-8.700012,2.700001,0.000641,0.000001,1,0,0,0,0.108148,0.000000,0,5
1,-4.049988,2.550000,12.000000,0.900001,9.150024,-2.250000,0.000153,0.000001,0,1,0,0,0.170403,0.000000,0,6
1,11.549988,0.000000,7.500000,2.550000,-4.500000,1.650000,0.000458,0.000000,0,1,0,0,0.103568,0.000000,0,7
1,33.150024,3.000000,21.600037,3.000000,14.100037,0.450000,0.001373,0.000000,0,1,0,0,0.118981,0.000000,0,8
1,-10.799988,4.200000,22.350037,1.200000,0.750000,-1.800000,0.000427,0.000000,0,1,0,0,0.132016,0.000000,0,9
1,-17.549988,3.900000,6.750000,0.300000,-15.600037,-0.900000,0.000702,0.000000,0,1,0,0,0.244647,0.000000,0,10
1,-8.250000,4.350000,9.299988,0.450001,2.549988,0.150001,0.000336,0.000001,0,1,0,0,0.197240,0.000000,0,11
1,8.250000,3.750000,0.000000,0.600000,-9.299988,0.150000,0.000336,0.000001,0,1,0,0,0.156454,0.000000,0,12
1,16.200012,2.849998,7.950012,0.900002,7.950012,0.300001,0.000671,0.000001,0,0,0,0,0.117465,0.000000,0,13
1,9.299988,1.349998,6.900024,1.500000,-1.049988,0.599998,0.000366,0.000001,0,1,0,0,0.106893,0.000000,0,14
1,-6.000000,1.500000,3.299988,0.150002,-3.600037,-1.349998,0.000244,0.000000,0,0,0,0,0.081673,0.000000,0,15
1,-14.099976,2.099998,8.099976,0.599998,4.799988,0.449997,0.000549,0.000001,0,1,0,0,0.071546,0.000000,1,0
1,21.894836,-19.469189,7.794861,17.369190,-0.305115,16.769192,0.004272,0.030808,0,1,0,0,0.061480,0.000000,0,1
1,-12.299988,1.049999,9.594849,18.419189,1.799988,1.049999,0.000488,0.000001,0,1,0,0,0.056536,0.000000,0,2
1,3.150024,1.049999,9.149963,0.000000,-0.444885,-18.419189,0.000153,0.000001,0,1,0,0,0.064358,0.000000,0,3
1,15.750000,-0.450001,12.599976,0.599998,3.450012,0.599998,0.000641,0.000001,1,1,0,0,0.081465,0.000000,0,4
1,13.799988,-0.750000,1.950012,0.299999,-10.649963,-0.299999,0.000549,0.000000,0,1,0,0,0.119098,0.000000,0,5
1,-0.750000,-1.049999,13.049988,0.299999,11.099976,0.000000,0.000031,0.000001,0,1,0,0,0.082270,0.000000,0,6
1,-14.700012,-1.350000,13.950012,0.300001,0.900024,0.000002,0.000610,0.000001,0,1,0,0,0.100562,0.000000,0,7
1,-31.799988,0.000000,17.099976,1.350000,3.149963,1.049999,0.001282,0.000000,0,1,0,0,0.112826,0.000000,0,8
1,13.349976,-1.350000,18.450012,1.350000,1.350037,0.000000,0.000519,0.000001,0,1,0,0,0.127696,0.000000,0,9
1,15.000000,-1.200000,1.650024,0.150001,-16.799988,-1.200000,0.000610,0.000000,0,0,0,0,0.135877,0.000000,0,10
1,2.700012,-1.500000,12.299988,0.300000,10.649963,0.150000,0.000122,0.000000,0,1,0,0,0.123648,0.000000,0,11
1,-11.849976,-2.850000,9.149963,1.350000,-3.150024,1.050000,0.000458,0.000001,0,0,0,0,0.127133,0.000000,0,12
1,-15.750000,0.000000,3.900024,2.850000,-5.249939,1.500000,0.000641,0.000000,0,1,0,0,0.115691,0.000000,1,0
1,7.322754,-2.892519,8.427246,2.892519,4.527222,0.042519,0.026947,0.042519,0,1,0,0,0.119468,0.000000,0,1
1,-6.299988,-2.250000,1.022766,0.642519,-7.404480,-2.250000,0.000244,0.000000,0,1,0,0,0.127581,0.000000,0,2
1,9.750000,-2.700000,3.450012,0.450000,2.427246,-0.192519,0.000397,0.000001,1,1,0,0,0.139027,0.000000,0,3
1,16.950012,-3.900000,7.200012,1.200000,3.750000,0.750000,0.000702,0.000001,0,1,0,0,0.148916,0.000000,0,4
1,8.400024,-4.200000,8.549988,0.300000,1.349976,-0.900000,0.000366,0.000001,0,1,0,0,0.089236,0.000000,0,5
1,-7.799988,-1.500000,0.600037,2.700000,-7.949951,2.400000,0.000305,0.000000,0,1,0,0,0.106224,0.000000,0,6
1,-16.799988,-0.300000,9.000000,1.200000,8.399963,-1.500000,0.000671,0.000000,0,1,0,0,0.122635,0.000000,0,7
1,-10.349976,-0.450000,6.450012,0.150000,-2.549988,-1.050000,0.000397,0.000000,0,1,0,0,0.127033,0.000000,0,8
1,15.299988,-0.450000,4.950012,0.000000,-1.500000,-0.150000,0.000610,0.000000,0,1,0,0,0.137734,0.000000,0,9
1,9.900024,-0.450000,5.399963,0.000000,0.449951,0.000000,0.000427,0.000000,0,0,0,0,0.149884,0.000000,0,10
1,-8.849976,-0.300000,1.050049,0.150000,-4.349915,0.150000,0.000336,0.000000,0,1,0,0,0.136395,0.000000,0,11
1,-24.750000,-0.150000,15.900024,0.150000,14.849976,0.000000,0.001007,0.000000,0,0,0,0,0.124753,0.000000,0,12
1,-21.150024,-1.050000,3.599976,0.900000,-12.300049,0.750000,0.000885,0.000000,0,1,0,0,0.092416,0.000000,1,0
1,11.045349,-1.754696,10.104675,0.704696,6.504700,-0.195303,0.054199,0.045304,0,1,0,0,0.087893,0.000000,0,1
1,0.900024,-3.450001,10.145325,1.695305,0.040649,0.990609,0.000061,0.000001,1,1,0,0,0.091544,0.000000,0,2
1,14.700012,-2.700000,13.799988,0.750001,3.654663,-0.945304,0.000610,0.000000,0,0,0,0,0.235755,0.000000,0,3
1,15.000000,0.600000,0.299988,2.099999,-13.500000,1.349998,0.000610,0.000000,0,0,0,0,0.145284,0.000000,0,4
1,1.349976,0.900000,13.650024,0.299999,13.350037,-1.800000,0.000031,0.000000,0,1,0,0,0.146309,0.000000,0,5
1,-13.349976,1.200000,12.000000,0.300000,-1.650024,0.000001,0.000519,0.000000,0,1,0,0,0.140326,0.000000,0,6
1,-15.900024,1.500000,2.550049,0.300000,-9.449951,0.000000,0.000671,0.000000,0,1,0,0,0.146024,0.000000,0,7
1,-0.900024,1.800000,15.000000,0.300000,12.449951,0.000000,0.000061,0.000000,0,1,0,0,0.153574,0.000000,0,8
1,19.500000,2.100000,18.599976,0.300000,3.599976,0.000000,0.000793,0.000001,0,1,0,0,0.156547,0.000000,0,9
1,10.500000,2.400000,9.000000,0.300000,-9.599976,-0.000000,0.000427,0.000000,0,0,0,0,0.158291,0.000000,0,10
1,-5.250000,2.700000,5.250000,0.300000,-3.750000,0.000000,0.000214,0.000001,0,1,0,0,0.144044,0.000000,0,11
1,-14.700012,3.000000,9.450012,0.300000,4.200012,-0.000000,0.000610,0.000001,0,0,0,0,0.137870,0.000000,0,12
1,-6.900024,0.150000,7.799988,2.850000,-1.650024,2.550000,0.000305,0.000000,0,1,0,0,0.125462,0.000000,0,13
1,8.400024,3.150000,1.500000,3.000000,-6.299988,0.150000,0.000366,0.000001,1,1,0,0,0.445077,0.000000,0,14
1,16.349976,0.600000,7.949951,2.550000,6.449951,-0.450000,0.000641,0.000000,0,1,0,0,0.107583,0.000000,0,15
1,9.299988,4.050000,7.049988,3.450000,-0.899963,0.900000,0.000366,0.000001,0,1,0,0,0.044340,0.000000,0,16
1,-4.349976,3.150001,4.950012,0.900000,-2.099976,-2.550000,0.000153,0.000001,0,1,0,0,0.041469,0.000000,0,17
1,-12.599976,0.300000,8.250000,2.850000,3.299988,1.950001,0.000488,0.000000,0,1,0,0,0.056406,0.000000,0,18
1,-7.950012,4.350000,4.649963,4.050000,-3.600037,1.200000,0.000336,0.000001,0,1,0,0,0.075565,0.000000,0,19
1,6.450012,0.450000,1.500000,3.900001,-3.149963,-0.150000,0.000275,0.000000,0,0,0,0,0.093151,0.000000,0,20
1,17.549988,4.350001,11.099976,3.900002,9.599976,0.000001,0.000702,0.000002,0,1,0,0,0.084767,0.000000,1,0
1,0.556213,-3.175287,16.993774,1.174714,5.893799,-2.725287,0.043762,0.025288,0,1,0,0,0.082693,0.000000,0,1
1,13.650024,1.799999,13.093811,1.375288,-3.899963,0.200574,0.000580,0.000000,0,1,0,0,0.083317,0.000000,0,2
1,-1.049988,1.049999,12.600037,0.750000,-0.493774,-0.625288,0.000031,0.000001,0,1,0,0,0.090639,0.000000,0,3
1,-14.849976,0.900000,13.799988,0.150000,1.199951,-0.600000,0.000580,0.000000,0,0,0,0,0.104827,0.000000,0,4
1,-14.849976,0.000000,0.000000,0.900000,-13.799988,0.750000,0.000580,0.000000,1,0,0,0,0.094221,0.000000,0,5
1,-1.200012,-0.150000,13.649963,0.150000,13.649963,-0.750000,0.000061,0.000000,0,1,0,0,0.137119,0.000000,0,6
1,13.500000,3.450001,12.299988,3.300001,-1.349976,3.150002,0.000549,0.000001,0,1,0,0,0.094752,0.000000,0,7
1,34.799988,3.150000,21.299988,0.300001,9.000000,-3.000000,0.001404,0.000000,0,1,0,0,0.107386,0.000000,0,8
1,-10.200012,1.950001,24.599976,1.199999,3.299988,0.899998,0.000427,0.000001,0,1,0,0,0.122341,0.000000,0,9
1,-13.650024,-1.200001,3.450012,0.750000,-21.149963,-0.449999,0.000580,0.000001,0,1,0,0,0.247073,0.000000,0,10
1,-3.000000,1.950001,10.650024,0.750000,7.200012,0.000000,0.000122,0.000001,0,1,0,0,0.198926,0.000000,0,11
1,10.799988,0.150000,7.799988,1.800001,-2.850037,1.050001,0.000427,0.000000,0,1,0,0,0.156174,0.000000,0,12
1,16.200012,1.350000,5.400024,1.200001,-2.399963,-0.600000,0.000671,0.000001,0,1,0,0,0.121636,0.000000,0,13
1,6.750000,0.000000,9.450012,1.350000,4.049988,0.150000,0.000275,0.000000,0,1,0,0,0.095429,0.000000,0,14
1,-7.950012,0.150000,1.200012,0.150000,-8.250000,-1.200001,0.000336,0.000000,0,1,0,0,0.073825,0.000000,0,15
1,-15.599976,-0.750000,7.649963,0.600000,6.449951,0.450001,0.000610,0.000000,0,1,0,0,0.055458,0.000000,0,16
1,-7.049988,-2.100000,8.549988,1.350000,0.900024,0.750000,0.000275,0.000001,0,1,0,0,0.047164,0.000000,0,17
1,7.950012,-3.150000,0.900024,1.049999,-7.649963,-0.300001,0.000336,0.000000,0,1,0,0,0.054672,0.000000,0,18
1,16.500000,-3.750000,8.549988,0.600000,7.649963,-0.449999,0.000671,0.000001,0,1,0,0,0.072877,0.000000,0,19
1,10.799988,-2.850000,5.700012,0.900000,-2.849976,0.299999,0.000427,0.000001,1,1,0,0,0.091957,0.000000,0,20
1,-4.500000,-4.200001,6.299988,1.350000,0.599976,0.450001,0.000183,0.000001,0,1,0,0,0.224185,0.000000,0,21
1,-15.599976,-4.200001,11.099976,0.000000,4.799988,-1.350000,0.000610,0.000001,0,1,0,0,0.097895,0.000000,0,22
1,-12.900024,-1.950000,2.699951,2.250001,-8.400024,2.250001,0.000549,0.000000,0,1,0,0,0.063734,0.000000,0,23
1,-1.200012,-0.450000,11.700012,1.500000,9.000061,-0.750001,0.000061,0.000000,0,1,0,0,0.032736,0.000000,0,24
1,7.049988,-0.450000,5.849976,0.000000,-5.850037,-1.500000,0.000275,0.000000,0,1,0,0,0.009241,0.000000,0,25
1,10.049988,-0.450000,3.000000,0.000000,-2.849976,0.000000,0.000397,0.000000,0,0,0,0,0.009241,0.000000,0,26
1,-0.450012,-0.300000,9.599976,0.150000,6.599976,0.150000,0.000031,0.000000,0,1,0,0,0.043112,0.000000,1,0
1,1.314575,12.978927,0.864563,12.678926,-8.735413,12.528927,0.035370,0.071071,0,1,0,0,0.043807,0.000000,0,1
1,-13.500000,-0.750000,12.185425,12.228927,11.320862,-0.450000,0.000549,0.000000,0,1,0,0,0.065327,0.000000,0,2
1,-15.900024,-1.650000,2.400024,0.900000,-9.785400,-11.328927,0.000671,0.000000,0,1,0,0,0.083842,0.000000,0,3
1,-3.450012,-3.750000,12.450012,2.100000,10.049988,1.200001,0.000153,0.000001,0,1,0,0,0.093479,0.000000,0,4
1,12.000000,-3.450001,8.549988,0.299999,-3.900024,-1.800001,0.000488,0.000001,1,1,0,0,0.102427,0.000000,0,5
1,16.500000,0.000000,4.500000,3.450001,-4.049988,3.150002,0.000671,0.000000,0,1,0,0,0.198129,0.000000,0,6
1,5.849976,-1.650001,10.650024,1.650001,6.150024,-1.800000,0.000214,0.000001,0,1,0,0,0.105229,0.000000,0,7
1,-27.599976,-2.700000,21.750000,1.050000,11.099976,-0.600001,0.001099,0.000001,0,1,0,0,0.087042,0.000000,0,8
1,-6.750000,1.500000,20.849976,1.200000,-0.900024,0.150001,0.000275,0.000000,0,1,0,0,0.075146,0.000000,0,9
1,8.700012,-2.100000,1.950012,0.600000,-18.899963,-0.600000,0.000366,0.000001,0,1,0,0,0.077034,0.000000,0,10
1,16.349976,2.100000,7.649963,0.000000,5.699951,-0.600000,0.000641,0.000001,0,0,0,0,0.090429,0.000000,0,11
1,8.700012,-1.500000,7.649963,0.600000,0.000000,0.600000,0.000366,0.000000,0,1,0,0,0.082290,0.000000,1,0
1,-12.343384,2.951779,3.643372,1.451779,-4.006592,0.851779,0.043884,0.048221,0,1,0,0,0.080084,0.000000,0,1
1,-6.000000,3.000000,6.343384,0.048221,2.700012,-1.403558,0.000244,0.000000,0,1,0,0,0.083673,0.000000,0,2
1,-16.500000,2.400001,10.500000,0.599999,4.156616,0.551778,0.000671,0.000001,0,1,0,0,0.067830,0.000000,0,3
1,-11.849976,1.800000,4.650024,0.600000,-5.849976,0.000001,0.000458,0.000000,0,1,0,0,0.075285,0.000000,0,4
1,3.750000,0.150000,8.099976,1.650001,3.449951,1.050000,0.000153,0.000000,1,1,0,0,0.088294,0.000000,0,5
1,15.900024,2.250000,12.150024,2.100000,4.050049,0.450000,0.000671,0.000000,0,1,0,0,0.374658,0.000000,0,6
1,13.500000,3.450001,2.400024,1.200001,-9.750000,-0.900000,0.000549,0.000001,0,1,0,0,0.229011,0.000000,0,7
1,-4.500000,0.600000,9.000000,2.850000,6.599976,1.650000,0.000183,0.000000,0,1,0,0,0.232513,0.000000,0,8
1,-13.650024,0.750000,9.150024,0.150000,0.150024,-2.700001,0.000580,0.000000,0,1,0,0,0.233507,0.000000,0,9
1,0.000000,1.500000,13.650024,0.750000,4.500000,0.600000,0.000000,0.000000,0,1,0,0,0.235206,0.000000,0,10
1,13.799988,4.350000,13.799988,2.850000,0.149963,2.100000,0.000549,0.000001,0,1,0,0,0.427031,0.000000,0,11
1,14.700012,4.050001,0.900024,0.299999,-12.899963,-2.550001,0.000610,0.000002,0,1,0,0,0.366124,0.000000,0,12
1,2.099976,2.250000,12.600037,1.800001,11.700012,1.500002,0.000061,0.000000,0,1,0,0,0.310711,0.000000,0,13
1,-12.299988,3.150002,10.200012,0.900002,-2.400024,-0.900000,0.000488,0.000002,0,1,0,0,0.264569,0.000000,0,14
1,-15.599976,0.750000,3.299988,2.400002,-6.900024,1.500000,0.000610,0.000000,0,1,0,0,0.217861,0.000000,0,15
1,-4.349976,0.000000,11.250000,0.750000,7.950012,-1.650002,0.000153,0.000000,0,1,0,0,0.175147,0.000000,0,16
1,10.650024,-0.150002,6.300049,0.150002,-4.949951,-0.599998,0.000458,0.000002,0,1,0,0,0.140407,0.000000,0,17
1,16.200012,-0.299999,5.549988,0.149998,-0.750061,-0.000004,0.000671,0.000001,0,1,0,0,0.118186,0.000000,0,18
1,6.599976,-0.599998,9.600037,0.299999,4.050049,0.150002,0.000244,0.000001,1,1,0,0,0.081997,0.000000,0,19
1,-8.849976,-0.900002,2.250000,0.300003,-7.350037,0.000004,0.000336,0.000002,0,1,0,0,0.232064,0.000000,0,20
1,-16.349976,-1.049999,7.500000,0.149998,5.250000,-0.150005,0.000641,0.000001,0,1,0,0,0.145987,0.000000,0,21
1,-8.700012,-1.349998,7.649963,0.299999,0.149963,0.150002,0.000366,0.000001,0,1,0,0,0.151691,0.000000,0,22
1,6.900024,-1.049999,1.799988,0.299999,-5.849976,0.000000,0.000305,0.000001,0,1,0,0,0.160437,0.000000,0,23
1,16.200012,-0.150002,9.299988,0.899998,7.500000,0.599998,0.000671,0.000002,0,1,0,0,0.171525,0.000000,0,24
1,10.500000,1.049999,5.700012,0.899998,-3.599976,0.000000,0.000427,0.000001,0,1,0,0,0.423815,0.000000,0,25
1,-4.799988,-1.799999,5.700012,0.750000,0.000000,-0.149998,0.000183,0.000000,0,1,0,0,0.364017,0.000000,0,26
1,-15.599976,-0.900000,10.799988,0.900000,5.099976,0.150000,0.000610,0.000000,0,1,0,0,0.315291,0.000000,0,27
1,-12.150024,0.000000,3.449951,0.900000,-7.350037,0.000000,0.000519,0.000000,0,1,0,0,0.263305,0.000000,0,28
1,2.400024,-1.650000,9.750000,1.650000,6.300049,0.750000,0.000122,0.000000,0,1,0,0,0.215962,0.000000,0,29
1,15.000000,-2.700001,12.599976,1.050001,2.849976,-0.599998,0.000610,0.000001,0,1,0,0,0.171337,0.000000,0,30
1,13.500000,-2.400000,1.500000,0.300001,-11.099976,-0.750000,0.000549,0.000000,0,1,0,0,0.130518,0.000000,0,31
1,-0.150024,-2.400000,13.349976,0.000000,11.849976,-0.300001,0.000031,0.000000,0,1,0,0,0.093409,0.000000,0,32
1,-13.799988,-1.049999,13.649963,1.350000,0.299988,1.350000,0.000549,0.000001,1,1,0,0,0.059841,0.000000,0,33
1,-14.700012,-3.300001,0.900024,2.250002,-12.749939,0.900002,0.000610,0.000002,0,1,0,0,0.279251,0.000000,0,34
1,-2.099976,-2.400001,12.600037,0.900001,11.700012,-1.350001,0.000061,0.000001,0,1,0,0,0.177927,0.000000,0,35
1,12.450012,-4.050000,10.350037,1.650000,-2.250000,0.749999,0.000519,0.000001,0,1,0,0,0.186663,0.000000,0,36
1,15.450012,-0.450000,3.000000,3.600000,-7.350037,1.950001,0.000641,0.000000,0,1,0,0,0.192689,0.000000,0,37
1,4.349976,-0.300000,11.100037,0.150000,8.100037,-3.450001,0.000153,0.000000,0,1,0,0,0.414514,0.000000,0,38
1,-10.799988,-0.300000,6.450012,0.000000,-4.650024,-0.150000,0.000427,0.000000,0,1,0,0,0.359493,0.000000,0,39
1,13.950012,2.250000,13.650024,1.950000,0.600037,1.950000,0.000580,0.000000,0,1,0,0,0.044287,0.000000,1,0
1,-0.141174,0.157053,13.808838,2.092947,0.158813,0.142947,0.008820,0.007053,0,1,0,0,0.059510,0.000000,0,1
1,15.750000,1.500000,15.608826,1.342947,1.799988,-0.750000,0.000641,0.000000,0,1,0,0,0.077975,0.000000,0,2
1,3.000000,1.500000,12.750000,0.000000,-2.858826,-1.342947,0.000122,0.000000,0,1,0,0,0.095281,0.000000,0,3
1,-12.299988,0.300000,9.299988,1.200000,-3.450012,1.200000,0.000488,0.000000,0,1,0,0,0.112166,0.000000,0,4
1,-16.349976,2.849999,4.049988,2.549999,-5.250000,1.349999,0.000641,0.000000,1,1,0,0,0.440874,0.000000,0,5
1,-5.400024,0.450001,10.949951,2.399999,6.899963,-0.150001,0.000244,0.000001,0,1,0,0,0.140710,0.000000,0,6
1,10.500000,0.450001,5.099976,0.000000,-5.849976,-2.399999,0.000427,0.000001,0,1,0,0,0.066854,0.000000,0,7
1,23.099976,4.200001,12.599976,3.750000,7.500000,3.750000,0.000916,0.000001,0,1,0,0,0.050106,0.000000,0,8
1,-9.000000,3.150000,14.099976,1.050001,1.500000,-2.699999,0.000366,0.000000,0,1,0,0,0.065834,0.000000,0,9
1,-16.049988,1.950001,7.049988,1.199999,-7.049988,0.149998,0.000641,0.000001,0,1,0,0,0.085284,0.000000,0,10
1,-7.049988,2.400000,9.000000,0.449999,1.950012,-0.750000,0.000275,0.000000,0,0,0,0,0.096409,0.000000,0,11
1,8.400024,3.750000,1.350037,1.350000,-7.649963,0.900002,0.000366,0.000001,0,1,0,0,0.087732,0.000000,1,0
1,11.647644,1.324440,3.247620,2.425560,1.897583,1.075560,0.051880,0.025560,0,1,0,0,0.091967,0.000000,0,1
1,16.650024,-0.450001,5.002380,0.874439,1.754761,-1.551121,0.000702,0.000001,0,1,0,0,0.097775,0.000000,0,2
1,11.549988,2.400002,5.100037,1.950001,0.097656,1.075562,0.000458,0.000002,0,1,0,0,0.114143,0.000000,0,3
1,-4.049988,0.750000,7.500000,1.650002,2.399963,-0.299999,0.000153,0.000000,0,1,0,0,0.120697,0.000000,0,4
1,-16.049988,-1.349998,12.000000,0.599998,4.500000,-1.050003,0.000641,0.000001,1,1,0,0,0.132889,0.000000,0,5
1,-13.200012,-1.650002,2.849976,0.300003,-9.150024,-0.299995,0.000549,0.000002,0,1,0,0,0.417407,0.000000,0,6
1,1.799988,-1.950001,11.400024,0.299999,8.550049,-0.000004,0.000061,0.000001,0,1,0,0,0.253155,0.000000,0,7
1,35.400024,-2.250000,33.600037,0.299999,22.200012,0.000000,0.001465,0.000000,0,1,0,0,0.253132,0.000000,0,8
1,1.650024,-0.299999,33.750000,1.950001,0.149963,1.650002,0.000092,0.000001,0,1,0,0,0.253311,0.000000,0,9
1,-12.450012,-1.200001,10.799988,0.900002,-22.950012,-1.049999,0.000519,0.000001,0,1,0,0,0.180470,0.000000,0,10
1,-13.500000,-1.799999,1.049988,0.599998,-9.750000,-0.300003,0.000549,0.000000,0,1,0,0,0.148270,0.000000,0,11
1,-0.150024,-3.000000,13.349976,1.200001,12.299988,0.600002,0.000031,0.000000,0,1,0,0,0.122155,0.000000,0,12
1,15.000000,-3.150000,14.849976,0.150000,1.500000,-1.050001,0.000610,0.000000,0,0,0,0,0.085288,0.000000,0,13
1,18.000000,-0.299999,3.000000,2.850000,-11.849976,2.700001,0.000732,0.000001,0,1,0,0,0.067015,0.000000,1,0
1,-0.311523,-2.286873,17.688477,1.986874,14.688477,-0.863127,0.011536,0.036873,0,1,0,0,0.044722,0.000000,0,1
1,5.250000,-3.300001,4.938477,1.013128,-12.750000,-0.973745,0.000214,0.000002,0,1,0,0,0.030154,0.000000,0,2
1,-10.650024,-0.900000,5.400024,2.400002,0.461548,1.386873,0.000458,0.000000,0,1,0,0,0.033199,0.000000,0,3
1,-16.799988,-2.100000,6.149963,1.200001,0.749939,-1.200001,0.000671,0.000001,0,1,0,0,0.046004,0.000000,0,4
1,-7.500000,-3.450001,9.299988,1.350000,3.150024,0.150000,0.000305,0.000001,0,1,0,0,0.062839,0.000000,0,5
1,8.700012,-4.350000,1.200012,0.900000,-8.099976,-0.450001,0.000366,0.000001,1,1,0,0,0.082122,0.000000,0,6
1,16.950012,-3.450000,8.250000,0.900000,7.049988,0.000000,0.000702,0.000001,0,1,0,0,0.095417,0.000000,0,7
1,4.500000,-0.300000,12.450012,3.150000,4.200012,2.250000,0.000183,0.000000,0,1,0,0,0.077571,0.000000,0,8
1,-18.599976,-2.250000,14.099976,1.950000,1.649963,-1.200000,0.000732,0.000001,0,1,0,0,0.081739,0.000000,0,9
1,-14.849976,0.000000,3.750000,2.250000,-10.349976,0.300000,0.000580,0.000000,0,1,0,0,0.086281,0.000000,0,10
1,2.849976,0.000000,12.000000,0.000000,8.250000,-2.250000,0.000092,0.000000,0,1,0,0,0.079853,0.000000,0,11
1,15.750000,0.150000,12.900024,0.150000,0.900024,0.150000,0.000641,0.000000,0,0,0,0,0.087954,0.000000,0,12
1,11.849976,0.450000,3.900024,0.300000,-9.000000,0.150000,0.000458,0.000000,0,1,0,0,0.088418,0.000000,1,0
1,-3.785828,8.371563,8.064148,7.921563,4.164124,7.621563,0.035980,0.028436,0,1,0,0,0.098750,0.000000,0,1
1,-1.950012,0.150000,1.835815,8.221563,-6.228333,0.300000,0.000092,0.000000,0,1,0,0,0.114475,0.000000,0,2
1,-15.150024,1.050000,13.200012,0.900001,11.364197,-7.321563,0.000641,0.000000,0,1,0,0,0.129641,0.000000,0,3
1,-14.400024,-0.150000,0.750000,0.900001,-12.450012,0.000000,0.000610,0.000000,0,1,0,0,0.142647,0.000000,0,4
1,-0.299988,1.950000,14.100037,1.800000,13.350037,0.900000,0.000000,0.000000,1,1,0,0,0.441769,0.000000,0,5
1,13.950012,-1.650001,13.650024,0.299999,-0.450012,-1.500001,0.000580,0.000001,0,1,0,0,0.098771,0.000000,0,6
1,15.599976,0.000000,1.649963,1.650001,-12.000061,1.350001,0.000610,0.000000,0,1,0,0,0.029439,0.000000,0,7
1,-7.349976,-0.150000,8.250000,0.150000,6.600037,-1.500001,0.000275,0.000000,0,1,0,0,0.008979,0.000000,0,8
1,-15.450012,2.550000,8.100037,2.400001,-0.149963,2.250001,0.000641,0.000001,0,1,0,0,0.025770,0.000000,0,9
1,-3.750000,1.350000,11.700012,1.200000,3.599976,-1.200001,0.000153,0.000001,0,1,0,0,0.048552,0.000000,0,10
1,11.099976,3.599999,7.349976,2.249999,-4.350037,1.049999,0.000427,0.000000,0,0,0,0,0.070181,0.000000,0,11
1,15.900024,2.700001,4.800049,0.899999,-2.549927,-1.350000,0.000671,0.000001,0,1,0,0,0.079297,0.000000,1,0
1,-3.772827,0.509878,12.127197,2.190123,7.327148,1.290124,0.022980,0.059878,0,1,0,0,0.092126,0.000000,0,1
1,7.349976,2.250000,3.577148,1.740122,-8.550049,-0.450001,0.000275,0.000000,0,1,0,0,0.109777,0.000000,0,2
1,-8.849976,2.250000,1.500000,0.000000,-2.077148,-1.740122,0.000336,0.000000,0,1,0,0,0.125802,0.000000,0,3
1,-16.950012,1.350000,8.100037,0.900000,6.600037,0.900000,0.000702,0.000001,0,1,0,0,0.126876,0.000000,0,4
1,-9.450012,2.250000,7.500000,0.900000,-0.600037,0.000000,0.000397,0.000000,1,1,0,0,0.128258,0.000000,0,5
1,6.599976,0.450001,2.850037,1.799999,-4.649963,0.900000,0.000244,0.000001,0,1,0,0,0.369768,0.000000,0,6
1,16.650024,1.650000,10.050049,1.199999,7.200012,-0.600000,0.000702,0.000000,0,1,0,0,0.225259,0.000000,0,7
1,9.000000,2.250000,7.650024,0.600000,-2.400024,-0.599998,0.000366,0.000000,0,1,0,0,0.230143,0.000000,0,8
1,-15.599976,2.700001,6.599976,0.450001,-1.050049,-0.150000,0.000610,0.000001,0,1,0,0,0.232435,0.000000,0,9
1,-11.849976,3.299999,3.750000,0.599998,-2.849976,0.149998,0.000458,0.000000,0,1,0,0,0.232533,0.000000,0,10
1,3.000000,3.900002,8.849976,0.600002,5.099976,0.000004,0.000122,0.000002,0,0,0,0,0.234246,0.000000,0,11
1,15.150024,-0.150002,12.150024,3.750000,3.300049,3.149998,0.000641,0.000002,0,0,0,0,0.227801,0.000000,1,0
1,0.907715,-0.202217,14.242310,0.052216,2.092285,-3.697784,0.007751,0.052217,0,0,0,0,0.220070,0.000000,0,1
1,14.400024,1.049999,13.492310,0.847782,-0.750000,0.795567,0.000610,0.000001,0,0,0,0,0.217821,0.000000,0,2
1,0.150024,-0.750000,14.250000,0.299999,0.757690,-0.547783,0.000031,0.000000,0,0,0,0,0.199389,0.000000,0,3
1,-14.099976,1.650002,13.949951,0.900002,-0.300049,0.600002,0.000549,0.000002,0,0,0,0,0.189153,0.000000,0,4
1,-15.450012,-0.299999,1.350037,1.350002,-12.599915,0.450001,0.000641,0.000001,0,0,0,0,0.172129,0.000000,0,5
1,-2.549988,-1.950001,12.900024,1.650002,11.549988,0.299999,0.000092,0.000001,1,0,0,0,0.143737,0.000000,0,6
1,12.599976,-2.250000,10.049988,0.299999,-2.850037,-1.350002,0.000488,0.000000,0,0,0,0,0.124907,0.000000,0,7
1,18.450012,-2.549999,5.850037,0.299999,-4.199951,0.000000,0.000763,0.000000,0,0,0,0,0.081685,0.000000,0,8
1,-11.250000,-2.849998,7.200012,0.299999,1.349976,0.000000,0.000458,0.000001,0,1,0,0,0.087642,0.000000,0,9
1,-16.049988,-3.150000,4.799988,0.300001,-2.400024,0.000002,0.000641,0.000000,0,1,0,0,0.077607,0.000000,0,10
1,-5.849976,-3.300001,10.200012,0.150002,5.400024,-0.150000,0.000214,0.000002,0,1,0,0,0.073229,0.000000,0,11
1,9.450012,-1.799999,3.600037,1.500002,-6.599976,1.350000,0.000397,0.000000,0,1,0,0,0.081282,0.000000,0,12
1,16.200012,-1.049999,6.750000,0.750000,3.149963,-0.750002,0.000671,0.000001,0,1,0,0,0.097082,0.000000,0,13
1,8.099976,-1.200001,8.100037,0.150002,1.350037,-0.599998,0.000305,0.000001,0,1,0,0,0.113622,0.000000,0,14
1,-7.500000,-3.600000,0.599976,2.400000,-7.500061,2.249998,0.000305,0.000001,0,1,0,0,0.128209,0.000000,0,15
1,-16.349976,-2.250000,8.849976,1.350000,8.250000,-1.049999,0.000641,0.000000,0,1,0,0,0.139423,0.000000,0,16
1,-9.900024,-3.750000,6.449951,1.500000,-2.400024,0.150000,0.000427,0.000001,0,1,0,0,0.148665,0.000000,0,17
1,5.400024,-4.350000,4.500000,0.600000,-1.949951,-0.900000,0.000244,0.000001,1,1,0,0,0.457934,0.000000,0,18
1,15.900024,-3.450000,10.500000,0.900000,6.000000,0.300000,0.000671,0.000001,0,1,0,0,0.095333,0.000000,0,19
1,11.700012,-4.350000,4.200012,0.900000,-6.299988,0.000000,0.000488,0.000001,0,1,0,0,0.043491,0.000000,0,20
1,-3.150024,-0.300000,8.549988,4.050000,4.349976,3.150000,0.000153,0.000000,0,1,0,0,0.047181,0.000000,0,21
1,-15.299988,-0.150000,12.149963,0.150000,3.599976,-3.900000,0.000610,0.000000,0,1,0,0,0.064701,0.000000,0,22
1,-13.049988,-0.150000,2.250000,0.000000,-9.899963,-0.150000,0.000519,0.000000,0,1,0,0,0.084403,0.000000,0,23
1,0.750000,0.000000,12.299988,0.150000,10.049988,0.150000,0.000031,0.000000,0,1,0,0,0.102518,0.000000,0,24
1,14.250000,0.150000,13.500000,0.150000,1.200012,0.000000,0.000580,0.000000,0,1,0,0,0.117850,0.000000,0,25
1,14.400024,0.450000,0.150024,0.300000,-13.349976,0.150000,0.000610,0.000000,0,0,0,0,0.130148,0.000000,0,26
1,1.349976,0.600000,13.050049,0.150000,12.900024,-0.150000,0.000031,0.000000,0,1,0,0,0.118435,0.000000,1,0
1,1.562866,9.597751,0.212891,8.997750,-12.837158,8.847750,0.062927,0.002248,0,1,0,0,0.114947,0.000000,0,1
1,-12.750000,0.600000,11.187134,8.997750,10.974243,0.000000,0.000519,0.000000,0,1,0,0,0.445224,0.000000,0,2
1,-16.200012,1.500000,3.450012,0.900000,-7.737122,-8.097751,0.000671,0.000000,1,1,0,0,0.382839,0.000000,0,3
1,-4.799988,1.350000,11.400024,0.150000,7.950012,-0.750000,0.000183,0.000001,0,1,0,0,0.042410,0.000000,0,4
1,10.950012,2.099999,6.150024,0.749999,-5.250000,0.599999,0.000458,0.000000,0,1,0,0,0.014528,0.000000,0,5
1,16.799988,-1.049999,5.849976,1.050000,-0.300049,0.300001,0.000671,0.000001,0,1,0,0,0.037105,0.000000,0,6
1,7.049988,-0.150000,9.750000,0.900000,3.900024,-0.150001,0.000275,0.000000,0,1,0,0,0.059686,0.000000,0,7
1,-27.150024,0.600000,20.100037,0.450001,10.350037,-0.449999,0.001129,0.000000,0,1,0,0,0.077840,0.000000,0,8
1,-7.799988,0.450001,19.350037,0.150000,-0.750000,-0.300001,0.000305,0.000001,0,1,0,0,0.094494,0.000000,0,9
1,7.500000,1.500000,0.299988,1.049999,-19.050049,0.900000,0.000305,0.000000,0,1,0,0,0.111436,0.000000,0,10
1,16.349976,1.650000,8.849976,0.150000,8.549988,-0.900000,0.000641,0.000000,0,1,0,0,0.127295,0.000000,0,11
1,9.750000,3.150000,6.599976,1.500000,-2.250000,1.350000,0.000397,0.000000,0,1,0,0,0.138400,0.000000,0,12
1,-5.549988,3.300001,4.200012,0.150002,-2.399963,-1.349998,0.000214,0.000002,0,1,0,0,0.134749,0.000000,0,13
1,-15.900024,0.299999,10.350037,3.000002,6.150024,2.850000,0.000671,0.000001,0,1,0,0,0.129348,0.000000,0,14
1,-11.549988,0.299999,4.350037,0.000000,-6.000000,-3.000002,0.000458,0.000001,1,1,0,0,0.124489,0.000000,0,15
1,3.299988,0.450001,8.250000,0.150002,3.899963,0.150002,0.000122,0.000001,0,1,0,0,0.401254,0.000000,0,16
1,15.299988,1.500000,12.000000,1.049999,3.750000,0.899998,0.000610,0.000000,0,1,0,0,0.243344,0.000000,0,17
1,13.049988,3.300001,2.250000,1.800001,-9.750000,0.750002,0.000519,0.000002,0,1,0,0,0.242006,0.000000,0,18
1,-1.049988,2.250000,12.000000,1.050001,9.750000,-0.750000,0.000031,0.000000,0,1,0,0,0.414235,0.000000,0,19
1,-14.250000,2.099998,13.200012,0.150002,1.200012,-0.900000,0.000580,0.000001,0,1,0,0,0.352176,0.000000,0,20
1,-14.250000,2.099998,0.000000,0.000000,-13.200012,-0.150002,0.000580,0.000001,0,1,0,0,0.298269,0.000000,0,21
1,-1.200012,1.049999,13.049988,1.049999,13.049988,1.049999,0.000061,0.000001,0,1,0,0,0.250110,0.000000,0,22
1,12.900024,2.849998,11.700012,1.799999,-1.349976,0.750000,0.000549,0.000001,0,1,0,0,0.204178,0.000000,0,23
1,15.299988,1.349998,2.399963,1.500000,-9.300049,-0.299999,0.000610,0.000001,0,1,0,0,0.160706,0.000000,0,24
1,3.450012,1.650002,11.849976,0.300003,9.450012,-1.199997,0.000153,0.000002,0,1,0,0,0.121010,0.000000,0,25
1,-11.549988,-0.900002,8.099976,0.750000,-3.750000,0.449997,0.000458,0.000002,0,1,0,0,0.086682,0.000000,0,26
1,-15.900024,-1.200001,4.350037,0.299999,-3.749939,-0.450001,0.000671,0.000001,0,1,0,0,0.062364,0.000000,0,27
1,-5.549988,-1.500000,10.350037,0.299999,6.000000,0.000000,0.000214,0.000000,0,1,0,0,0.050815,0.000000,0,28
1,9.599976,-1.799999,4.049988,0.299999,-6.300049,0.000000,0.000366,0.000000,0,1,0,0,0.049031,0.000000,0,29
1,16.349976,-2.099998,6.750000,0.299999,2.700012,0.000000,0.000641,0.000001,1,1,0,0,0.053324,0.000000,0,30
1,7.650024,-2.400002,8.699951,0.300003,1.949951,0.000004,0.000336,0.000002,0,1,0,0,0.145324,0.000000,0,31
1,-7.650024,-1.349998,0.000000,1.050003,-8.699951,0.750000,0.000336,0.000001,0,1,0,0,0.054546,0.000000,0,32
1,-16.349976,-2.099998,8.699951,0.750000,8.699951,-0.300003,0.000641,0.000001,0,1,0,0,0.031260,0.000000,0,33
1,-9.599976,0.150002,6.750000,1.949997,-1.949951,1.199997,0.000366,0.000002,0,1,0,0,0.030212,0.000000,0,34
1,5.549988,-1.200001,4.049988,1.049999,-2.700012,-0.899998,0.000214,0.000001,0,1,0,0,0.044371,0.000000,0,35
1,16.049988,-2.700001,10.500000,1.500000,6.450012,0.450001,0.000641,0.000001,0,0,0,0,0.059877,0.000000,0,36
1,11.400024,0.000000,4.649963,2.700001,-5.850037,1.200001,0.000488,0.000000,0,1,0,0,0.054488,0.000000,1,0
1,7.049866,0.966703,4.350159,0.966703,-0.299805,-1.733297,0.000153,0.066704,0,1,0,0,0.069533,0.000000,0,1
1,-2.549988,-3.900000,4.499878,2.933296,0.149719,1.966593,0.000092,0.000000,0,1,0,0,0.083044,0.000000,0,2
1,-15.450012,-4.350000,12.900024,0.450001,8.400146,-2.483295,0.000641,0.000001,0,1,0,0,0.100141,0.000000,0,3
1,-14.099976,-0.450001,1.350037,3.900000,-11.549988,3.449999,0.000549,0.000001,0,1,0,0,0.116606,0.000000,0,4
1,0.150024,-3.150000,13.949951,2.699999,12.599915,-1.200001,0.000031,0.000000,1,1,0,0,0.444703,0.000000,0,5
1,14.250000,-3.450001,14.099976,0.300001,0.150024,-2.399998,0.000580,0.000001,0,1,0,0,0.188120,0.000000,0,6
1,15.299988,-2.250000,1.049988,1.200001,-13.049988,0.900000,0.000610,0.000000,0,1,0,0,0.094713,0.000000,0,7
1,-18.599976,-3.150001,3.299988,0.900001,2.250000,-0.300000,0.000732,0.000001,0,1,0,0,0.093005,0.000000,0,8
1,-15.299988,-4.050000,3.299988,0.900000,0.000000,-0.000001,0.000610,0.000001,0,1,0,0,0.102469,0.000000,0,9
1,-3.150024,-3.900000,12.149963,0.150000,8.849976,-0.750000,0.000153,0.000001,0,1,0,0,0.114607,0.000000,0,10
1,11.400024,0.150000,8.250000,3.750000,-3.899963,3.600000,0.000488,0.000000,0,0,0,0,0.124701,0.000000,0,11
1,15.900024,0.300000,4.500000,0.150000,-3.750000,-3.600000,0.000671,0.000000,0,1,0,0,0.113477,0.000000,1,0
1,40.621338,11.203976,24.721313,10.903975,20.221313,10.753976,0.027008,0.046023,0,0,0,0,0.118334,0.000000,0,1
1,6.750000,-3.000000,33.871338,8.203976,9.150024,-2.700000,0.000275,0.000000,0,1,0,0,0.107684,0.000000,0,2
1,-9.299988,1.200000,2.549988,1.800000,-31.321350,-6.403975,0.000366,0.000000,0,0,0,0,0.114904,0.000000,0,3
1,-16.950012,0.000000,7.650024,1.200000,5.100037,-0.600000,0.000702,0.000000,0,0,0,0,0.104562,0.000000,0,4
1,-8.849976,-2.100000,8.100037,2.100000,0.450012,0.900001,0.000336,0.000001,1,1,0,0,0.095152,0.000000,0,5
1,7.200012,1.350000,1.649963,0.750000,-6.450073,-1.350000,0.000305,0.000001,0,1,0,0,0.341071,0.000000,0,6
1,16.799988,-1.350000,9.599976,0.000000,7.950012,-0.750000,0.000671,0.000001,0,0,0,0,0.201072,0.000000,0,7
1,-32.400024,-1.200000,15.600037,0.150001,6.000061,0.150001,0.001343,0.000000,0,0,0,0,0.195237,0.000000,0,8
1,-20.099976,3.000000,12.300049,1.800000,-3.299988,1.650000,0.000793,0.000000,0,0,0,0,0.193526,0.000000,0,9
1,-11.250000,3.300000,8.849976,0.300000,-3.450073,-1.500000,0.000458,0.000001,0,0,0,0,0.194302,0.000000,0,10
1,3.599976,3.450000,7.650024,0.150000,-1.199951,-0.150001,0.000122,0.000000,0,0,0,0,0.194841,0.000000,0,11
1,15.299988,1.950001,11.700012,1.499999,4.049988,1.349999,0.000610,0.000001,0,1,0,0,0.193270,0.000000,1,0
1,85.114258,2.789499,69.814270,0.839499,58.114258,-0.660501,0.067719,0.060500,0,1,0,0,0.193274,0.000000,0,1
1,14.099976,2.400000,71.014282,0.389500,1.200012,-0.449999,0.000549,0.000000,0,1,0,0,0.196045,0.000000,0,2
1,-0.299988,2.250000,13.799988,0.150000,-57.214294,-0.239500,0.000000,0.000000,0,1,0,0,0.199800,0.000000,0,3
1,-14.400024,4.200001,14.100037,1.950001,0.300049,1.800001,0.000610,0.000001,0,1,0,0,0.453056,0.000000,0,4
1,-15.299988,0.449999,0.899963,3.750002,-13.200073,1.800001,0.000610,0.000001,1,1,0,0,0.390099,0.000000,0,5
1,-1.950012,0.450001,13.349976,0.000002,12.450012,-3.750000,0.000092,0.000001,0,0,0,0,0.051809,0.000000,0,6
1,13.049988,0.450001,11.099976,0.000000,-2.250000,-0.000002,0.000519,0.000001,0,0,0,0,0.043050,0.000000,0,7
1,-36.750000,0.299999,23.700012,0.150002,12.600037,0.150002,0.001495,0.000001,0,0,0,0,0.057271,0.000000,0,8
1,-37.950012,0.299999,1.200012,0.000000,-22.500000,-0.150002,0.001556,0.000001,0,0,0,0,0.071323,0.000000,0,9
1,-19.500000,0.150002,18.450012,0.149998,17.250000,0.149998,0.000793,0.000002,0,0,0,0,0.072901,0.000000,0,10
1,-5.400024,0.450001,14.099976,0.299999,-4.350037,0.150002,0.000244,0.000001,0,0,0,0,0.077121,0.000000,0,11
1,9.900024,1.200001,4.500000,0.750000,-9.599976,0.450001,0.000427,0.000001,0,0,0,0,0.086283,0.000000,1,0
1,67.387085,-22.051071,57.487061,20.851070,52.987061,20.101070,0.039825,0.001075,0,1,0,0,0.097886,0.000000,0,1
1,16.950012,2.100000,50.437073,19.951071,-7.049988,-0.900000,0.000702,0.000001,0,1,0,0,0.105923,0.000000,0,2
1,8.849976,2.850000,8.100037,0.750000,-42.337036,-19.201071,0.000336,0.000001,0,1,0,0,0.214275,0.000000,0,3
1,-7.349976,2.400000,1.500000,0.450001,-6.600037,-0.299999,0.000275,0.000000,0,1,0,0,0.172735,0.000000,0,4
1,-16.799988,-0.299999,9.450012,2.100000,7.950012,1.650000,0.000671,0.000001,0,1,0,0,0.145658,0.000000,0,5
1,-10.799988,-1.650000,6.000000,1.350000,-3.450012,-0.750000,0.000427,0.000000,1,1,0,0,0.120535,0.000000,0,6
1,5.099976,-1.950001,5.700012,0.300001,-0.299988,-1.049999,0.000183,0.000001,0,1,0,0,0.242014,0.000000,0,7
1,-31.799988,-2.250000,26.700012,0.299999,21.000000,-0.000002,0.001282,0.000000,0,1,0,0,0.156386,0.000000,0,8
1,-12.150024,1.200000,19.649963,1.050000,-7.050049,0.750001,0.000519,0.000000,0,1,0,0,0.165036,0.000000,0,9
1,-15.450012,0.300000,3.299988,0.900000,-16.349976,-0.150001,0.000641,0.000000,0,1,0,0,0.170330,0.000000,0,10
1,-12.750000,-0.600000,2.700012,0.300000,-0.599976,-0.599999,0.000519,0.000000,0,1,0,0,0.173142,0.000000,0,11
1,1.500000,-2.550000,11.250000,1.950000,8.549988,1.650000,0.000061,0.000001,0,1,0,0,0.177978,0.000000,0,12
1,14.549988,-3.750000,13.049988,1.200000,1.799988,-0.750000,0.000580,0.000001,0,1,0,0,0.186462,0.000000,0,13
1,13.950012,-3.450000,0.599976,0.300000,-12.450012,-0.900000,0.000580,0.000001,0,1,0,0,0.195620,0.000000,0,14
1,0.750000,-1.350000,13.200012,2.100000,12.600037,1.800001,0.000031,0.000000,0,0,0,0,0.203985,0.000000,0,15
1,-13.200012,-1.350000,12.450012,0.000000,-0.750000,-2.100000,0.000549,0.000000,0,1,0,0,0.208227,0.000000,1,0
1,31.360474,-0.572734,18.160461,0.777267,5.710449,0.777266,0.011749,0.027266,0,1,0,0,0.206235,0.000000,0,1
1,-16.049988,-3.900000,15.310486,3.327267,-2.849976,2.550000,0.000641,0.000001,1,1,0,0,0.207334,0.000000,0,2
1,-4.200012,-0.450000,11.849976,3.450000,-3.460510,0.122734,0.000183,0.000000,0,1,0,0,0.117915,0.000000,0,3
1,11.400024,-1.200000,7.200012,0.750000,-4.649963,-2.700000,0.000488,0.000000,0,1,0,0,0.089853,0.000000,0,4
1,16.650024,-2.700000,5.250000,1.500000,-1.950012,0.750000,0.000702,0.000000,0,1,0,0,0.106550,0.000000,0,5
1,6.450012,-3.300000,10.200012,0.600000,4.950012,-0.900000,0.000275,0.000001,0,1,0,0,0.121429,0.000000,0,6
1,-9.599976,-0.150000,3.149963,3.150001,-7.050049,2.550000,0.000366,0.000000,0,1,0,0,0.135907,0.000000,0,7
1,-39.599976,0.000000,30.000000,0.150000,26.850037,-3.000001,0.001587,0.000000,0,1,0,0,0.149391,0.000000,0,8
1,-7.049988,0.000000,32.549988,0.000000,2.549988,-0.150000,0.000275,0.000000,0,1,0,0,0.161945,0.000000,0,9
1,16.200012,0.300000,9.150024,0.300000,-23.399963,0.300000,0.000671,0.000000,0,0,0,0,0.172429,0.000000,0,10
1,9.299988,0.450000,6.900024,0.150000,-2.250000,-0.150001,0.000366,0.000000,0,0,0,0,0.167907,0.000000,0,11
1,-6.000000,0.750000,3.299988,0.300000,-3.600037,0.150001,0.000244,0.000000,0,1,0,0,0.164967,0.000000,1,0
1,14.977173,8.522571,8.977173,7.772571,5.677185,7.472570,0.022217,0.027428,0,0,0,0,0.208475,0.000000,0,1
1,-16.349976,-1.200000,1.372803,7.322571,-7.604370,-0.450000,0.000641,0.000000,1,0,0,0,0.179474,0.000000,0,2
1,-12.450012,-1.200000,3.899963,0.000000,2.527161,-7.322571,0.000519,0.000000,0,0,0,0,0.138187,0.000000,0,3
1,3.000000,-1.800000,9.450012,0.600000,5.550049,0.600000,0.000122,0.000000,0,0,0,0,0.080325,0.000000,0,4
1,15.599976,2.250000,12.599976,0.450000,3.149963,-0.150000,0.000610,0.000001,0,1,0,0,0.086298,0.000000,0,5
1,13.950012,2.550000,1.649963,0.300000,-10.950012,-0.150000,0.000580,0.000001,0,1,0,0,0.086311,0.000000,0,6
1,-0.599976,2.400000,13.350037,0.150000,11.700073,-0.150000,0.000000,0.000001,0,1,0,0,0.075401,0.000000,0,7
1,-31.349976,1.350000,30.750000,1.050000,17.399963,0.900001,0.001251,0.000000,0,1,0,0,0.079842,0.000000,0,8
1,-12.750000,0.000000,18.599976,1.350000,-12.150024,0.299999,0.000519,0.000000,0,1,0,0,0.085708,0.000000,0,9
1,13.349976,0.900000,0.599976,0.900000,-18.000000,-0.450000,0.000519,0.000000,0,0,0,0,0.099628,0.000000,0,10
1,15.000000,0.000000,1.650024,0.900000,1.050049,0.000000,0.000610,0.000000,0,1,0,0,0.113316,0.000000,1,0
1,4.236938,-1.088253,10.763062,1.088253,9.113037,0.188253,0.037109,0.038253,0,1,0,0,0.122414,0.000000,0,1
1,4.049988,-91.200005,0.186951,90.111755,-10.576111,89.023499,0.000153,0.000019,0,1,0,0,0.137082,0.000000,0,2
1,-11.549988,4.349998,7.500000,86.850006,7.313049,-3.261749,0.000458,0.000001,1,1,0,0,0.242710,0.000000,0,3
1,-16.650024,4.349998,5.100037,0.000000,-2.399963,-86.850006,0.000702,0.000001,0,1,0,0,0.088498,0.000000,0,4
1,-6.299988,4.349998,10.350037,0.000000,5.250000,0.000000,0.000244,0.000001,0,1,0,0,0.071283,0.000000,0,5
1,9.750000,4.349998,3.450012,0.000000,-6.900024,0.000000,0.000397,0.000001,0,1,0,0,0.087942,0.000000,0,6
1,16.950012,4.349998,7.200012,0.000000,3.750000,0.000000,0.000702,0.000001,0,1,0,0,0.101289,0.000000,0,7
1,-4.950012,4.350002,12.000000,0.000004,4.799988,0.000004,0.000214,0.000003,0,1,0,0,0.116149,0.000000,0,8
1,-16.349976,4.200001,11.399963,0.150002,-0.600037,0.149998,0.000641,0.000001,0,0,0,0,0.131650,0.000000,0,9
1,-9.150024,4.049999,7.199951,0.150002,-4.200012,0.000000,0.000397,0.000000,0,1,0,0,0.140548,0.000000,0,10
1,6.150024,3.900002,3.000000,0.149998,-4.199951,-0.000004,0.000275,0.000002,0,0,0,0,0.147787,0.000000,0,11
1,16.049988,3.599998,9.899963,0.300003,6.899963,0.150005,0.000641,0.000001,0,1,0,0,0.150415,0.000000,1,0
1,2.600220,43.545532,13.449768,39.945534,3.549805,39.645531,0.050323,0.045539,0,1,0,0,0.156811,0.000000,0,1
1,12.299988,-0.150000,9.699768,43.395531,-3.750000,3.449997,0.000488,0.000000,0,1,0,0,0.167771,0.000000,0,2
1,-3.150024,2.850000,9.149963,2.700000,-0.549805,-40.695530,0.000153,0.000001,1,1,0,0,0.178265,0.000000,0,3
1,-15.750000,-0.300000,12.599976,2.550000,3.450012,-0.150000,0.000641,0.000000,0,1,0,0,0.449906,0.000000,0,4
1,-13.799988,2.250000,1.950012,1.950000,-10.649963,-0.600000,0.000549,0.000001,0,1,0,0,0.264890,0.000000,0,5
1,0.750000,1.950000,13.049988,0.300000,11.099976,-1.650000,0.000031,0.000000,0,1,0,0,0.261504,0.000000,0,6
1,14.700012,1.650000,13.950012,0.300000,0.900024,-0.000000,0.000610,0.000000,0,1,0,0,0.262028,0.000000,0,7
1,12.000000,0.450000,2.700012,1.200000,-11.250000,0.900000,0.000488,0.000000,0,1,0,0,0.263787,0.000000,0,8
1,-13.349976,-0.150000,1.349976,0.300000,-1.350037,-0.900001,0.000519,0.000000,0,1,0,0,0.264265,0.000000,0,9
1,-15.000000,-0.900000,1.650024,0.750000,0.300049,0.450000,0.000610,0.000000,0,0,0,0,0.262388,0.000000,0,10
1,-2.700012,-2.700000,12.299988,1.800000,10.649963,1.050000,0.000122,0.000001,0,1,0,0,0.238773,0.000000,1,0
1,0.891418,4.804523,1.808594,2.104522,-10.491394,0.304522,0.008545,0.004523,0,0,0,0,0.234291,0.000000,0,1
1,11.700012,-2.400000,10.808594,2.404522,9.000000,0.300000,0.000488,0.000000,0,0,0,0,0.213205,0.000000,0,2
1,16.650024,0.000000,4.950012,2.400000,-5.858582,-0.004522,0.000702,0.000000,0,0,0,0,0.194921,0.000000,0,3
1,6.299988,-1.650000,10.350037,1.650000,5.400024,-0.750000,0.000244,0.000000,1,0,0,0,0.182407,0.000000,0,4
1,-9.750000,-3.300000,3.450012,1.650000,-6.900024,0.000000,0.000397,0.000001,0,0,0,0,0.204326,0.000000,0,5
1,-16.950012,-0.450000,7.200012,2.850000,3.750000,1.200000,0.000702,0.000000,0,0,0,0,0.119546,0.000000,0,6
1,-8.400024,-3.000000,8.549988,2.550000,1.349976,-0.300000,0.000366,0.000001,0,0,0,0,0.116951,0.000000,0,7
1,23.250000,-0.450000,14.849976,2.550000,6.299988,0.000000,0.000946,0.000000,0,0,0,0,0.122524,0.000000,0,8
1,9.150024,-0.450000,14.099976,0.000000,-0.750000,-2.550000,0.000397,0.000000,0,0,0,0,0.129774,0.000000,0,9
1,-6.299988,-0.300000,2.850037,0.150000,-11.249939,0.150000,0.000244,0.000000,0,0,0,0,0.136002,0.000000,0,10
1,-16.200012,-0.150000,9.900024,0.150000,7.049988,-0.000000,0.000671,0.000000,0,0,0,0,0.139645,0.000000,1,0
1,7.564209,7.806427,8.635803,7.656427,-1.264221,7.506427,0.064514,0.006428,0,0,0,0,0.144964,0.000000,0,1
1,-12.150024,-1.800000,4.585815,6.006427,-4.049988,-1.650000,0.000519,0.000000,0,0,0,0,0.148461,0.000000,0,2
1,3.150024,-0.900000,9.000000,0.900000,4.414185,-5.106427,0.000153,0.000000,0,0,0,0,0.152796,0.000000,0,3
1,15.750000,-3.000000,12.599976,2.100000,3.599976,1.200000,0.000641,0.000001,0,0,0,0,0.158474,0.000000,0,4
1,13.650024,-0.450000,2.099976,2.550000,-10.500000,0.450000,0.000580,0.000000,1,0,0,0,0.163698,0.000000,0,5
1,-0.900024,-2.850000,12.750000,2.400000,10.650024,-0.150000,0.000061,0.000001,0,0,0,0,0.246750,0.000000,0,6
1,-14.700012,-1.050000,13.799988,1.800000,1.049988,-0.600000,0.000610,0.000000,0,0,0,0,0.153967,0.000000,0,7
1,-21.750000,1.650000,7.049988,0.600000,-6.750000,-1.200000,0.000885,0.000000,0,0,0,0,0.140110,0.000000,0,8
1,13.500000,1.950000,8.250000,0.300000,1.200012,-0.300000,0.000549,0.000000,0,0,0,0,0.109092,0.000000,0,9
1,14.849976,2.250000,1.349976,0.300000,-6.900024,0.000000,0.000580,0.000001,0,0,0,0,0.079853,0.000000,0,10
1,2.549988,2.550000,12.299988,0.300000,10.950012,-0.000000,0.000092,0.000001,0,0,0,0,0.053218,0.000000,0,11
1,-12.000000,0.600000,9.450012,1.950000,-2.849976,1.650000,0.000488,0.000000,0,0,0,0,0.030811,0.000000,0,12
1,-15.599976,0.600000,3.599976,0.000000,-5.850037,-1.950000,0.000610,0.000000,0,0,0,0,0.021093,0.000000,0,13
1,-4.950012,-0.450000,10.649963,0.150000,7.049988,0.150000,0.000214,0.000000,0,0,0,0,0.029263,0.000000,0,14
1,10.349976,0.150000,5.399963,0.300000,-5.250000,0.150000,0.000397,0.000000,0,0,0,0,0.041858,0.000000,0,15
1,16.200012,2.700000,5.850037,2.550000,0.450073,2.250000,0.000671,0.000000,0,0,0,0,0.053635,0.000000,0,16
1,7.049988,1.800000,9.150024,0.900000,3.299988,-1.650000,0.000275,0.000000,1,0,0,0,0.065433,0.000000,0,17
1,-8.549988,0.450000,1.500000,1.350000,-7.650024,0.450001,0.000336,0.000000,0,0,0,0,0.155608,0.000000,0,18
1,-16.349976,0.900000,7.799988,0.450000,6.299988,-0.900001,0.000641,0.000000,0,0,0,0,0.104350,0.000000,0,19
1,-8.849976,4.200001,7.500000,3.300001,-0.299988,2.850001,0.000336,0.000001,0,0,0,0,0.113891,0.000000,0,20
1,6.450012,3.150000,2.399963,1.050001,-5.100037,-2.250000,0.000275,0.000000,0,0,0,0,0.123110,0.000000,0,21
1,16.049988,1.950001,9.599976,1.199999,7.200012,0.149998,0.000641,0.000001,0,0,0,0,0.131378,0.000000,0,22
1,10.799988,1.049999,5.250000,0.900002,-4.349976,-0.299997,0.000427,0.000001,0,0,0,0,0.138204,0.000000,0,23
1,-4.200012,2.250000,6.599976,1.200001,1.349976,0.299999,0.000183,0.000000,0,0,0,0,0.144969,0.000000,0,24
1,-15.599976,0.900000,11.399963,1.350000,4.799988,0.150000,0.000610,0.000000,0,0,0,0,0.151460,0.000000,0,25
1,-12.450012,2.400000,3.149963,1.500000,-8.250000,0.150000,0.000519,0.000000,0,0,0,0,0.137829,0.000000,0,26
1,1.950012,1.799999,10.500000,0.600000,7.350037,-0.900000,0.000092,0.000000,0,0,0,0,0.106584,0.000000,0,27
1,14.849976,3.150000,12.899963,1.350000,2.399963,0.750000,0.000580,0.000000,0,0,0,0,0.077416,0.000000,0,28
1,13.799988,-0.450001,1.049988,2.699999,-11.849976,1.349998,0.000549,0.000001,1,0,0,0,0.051192,0.000000,0,29
1,0.000000,-0.600000,13.799988,0.150000,12.750000,-2.549999,0.000000,0.000000,0,0,0,0,0.052669,0.000000,0,30
