is_cheating,delta_yaw,delta_pitch,accel_yaw,accel_pitch,jerk_yaw,jerk_pitch,gcd_error_yaw,gcd_error_pitch,is_on_ground,is_sprinting,is_sneaking,is_using_item,player_speed_horizontal,player_fall_distance,is_attacking,ticks_since_attack
0,-2.838394,-4.160380,1.633049,3.188331,0.583229,2.060750,0.000005,0.000005,0,0,0,0,0.082945,0.000000,0,1
0,0.505470,-3.810442,2.332924,0.349938,0.699875,-2.838392,0.000004,0.000004,1,0,0,0,0.094647,0.000000,0,2
0,0.427711,1.283108,0.077759,2.527334,-2.255165,2.177396,0.000009,0.000001,1,1,0,0,0.180131,0.000000,0,3
0,-1.088684,4.743611,0.660973,3.460504,0.583214,0.933169,0.000013,0.000005,0,1,0,0,0.421469,0.000000,0,4
0,3.460510,5.910072,2.371826,1.166461,1.710854,-2.294043,0.000008,0.000006,0,1,0,0,0.255533,0.000000,0,5
0,1.010925,2.721743,2.449585,3.188330,0.077759,2.021869,0.000008,0.000001,0,1,0,0,0.257927,0.000000,0,6
0,0.583221,1.944103,0.427704,0.777639,-2.021881,-2.410690,0.000009,0.000002,0,1,0,0,0.260102,0.000000,0,7
0,2.799500,5.560133,2.216278,3.616030,1.788574,2.838390,0.000008,0.000005,0,0,0,0,0.261981,0.000000,0,8
0,1.710808,5.404610,1.088692,0.155523,-1.127586,-3.460506,0.000002,0.000009,0,0,0,0,0.238403,0.000000,0,9
0,0.155533,5.404610,1.555275,0.000000,0.466583,-0.155523,0.000005,0.000009,0,0,0,0,0.216947,0.000000,0,10
0,2.138512,10.303749,1.982979,4.899139,0.427704,4.899139,0.000001,0.000015,0,0,0,0,0.197421,0.000000,1,0
0,3.110565,9.759399,0.972054,0.544350,-1.010925,-4.354790,0.000001,0.000013,0,0,0,0,0.160687,0.000000,0,1
0,-1.127586,8.515175,1.982979,1.244225,1.010925,0.699875,0.000007,0.000013,0,0,0,0,0.127329,0.000000,0,2
0,-3.771568,-3.110565,2.643982,5.404610,0.661003,4.160385,0.000010,0.000004,0,0,0,0,0.096850,0.000000,0,3
0,4.821373,-7.931942,1.049805,4.821377,-1.594177,-0.583233,0.000001,0.000010,1,0,0,0,0.070057,0.000000,0,4
0,6.454414,-7.659763,1.633041,0.272179,0.583237,-4.549198,0.000005,0.000006,0,0,0,0,0.125055,0.000000,0,5
0,1.633049,-1.749695,4.821365,5.910069,3.188324,5.637890,0.000003,0.000004,0,0,0,0,0.087358,0.000000,0,6
0,1.633049,-1.749695,4.821365,5.910069,3.188324,5.637890,0.000003,0.000004,0,0,0,0,0.098769,0.000000,0,7
0,1.633049,-1.749695,4.821365,5.910069,3.188324,5.637890,0.000003,0.000004,0,0,0,0,0.109264,0.000000,0,8
0,2.643974,0.388817,1.010925,1.360878,-3.810440,-4.549191,0.000005,0.000003,0,0,0,0,0.118967,0.000000,0,9
0,4.976868,0.349937,2.332893,0.038879,1.321968,-1.321999,0.000034,0.000001,0,0,0,0,0.108260,0.000000,0,10
0,1.555283,-2.021866,3.421585,1.671928,1.088692,1.633049,0.000001,0.000001,0,0,0,0,0.098516,0.000000,1,0
0,-1.244217,-8.942879,0.311066,6.921013,-3.110519,5.249084,0.000009,0.000015,0,0,0,0,0.089650,0.000000,0,1
0,0.038895,-9.176163,1.205322,0.233284,0.894257,-6.687729,0.000013,0.000007,0,0,0,0,0.061986,0.000000,0,2
0,-0.155533,-4.938023,0.116638,4.238140,-1.088684,4.004856,0.000005,0.000006,0,0,0,0,0.036815,0.000000,0,3
0,-5.754539,-5.093552,5.599007,0.155529,5.482368,-4.082611,0.000003,0.000007,0,0,0,0,0.014004,0.000000,0,4
0,-1.516396,-1.477518,4.238144,3.616034,-1.360863,3.460505,0.000004,0.000001,1,0,0,0,0.007452,0.000000,0,5
0,0.155525,-0.855406,1.360870,0.622112,-2.877274,-2.993921,0.000003,0.000001,1,0,0,0,0.177699,0.000000,0,6
0,0.388817,-0.972054,0.233292,0.116648,-1.127579,-0.505465,0.000004,0.000003,1,0,0,0,0.269479,0.000000,0,7
0,0.972046,-1.166462,0.583229,0.194408,0.349937,0.077761,0.000005,0.000001,1,0,0,0,0.319586,0.000000,0,8
0,0.233292,-0.155527,0.738754,1.010935,0.155525,0.816526,0.000001,0.000001,1,0,0,0,0.346962,0.000000,0,9
0,0.038879,-0.233294,0.194412,0.077766,-0.544342,-0.933168,0.000003,0.000001,1,0,0,0,0.361918,0.000000,0,10
0,0.000000,-2.488451,0.038879,2.255157,-0.155533,2.177391,0.000000,0.000002,1,0,0,0,0.370086,0.000000,0,11
0,-0.738762,-3.654914,0.738762,1.166463,0.699883,-1.088695,0.000003,0.000004,1,0,0,0,0.374542,0.000000,0,12
0,-2.449562,-3.771559,1.710800,0.116645,0.972038,-1.049818,0.000007,0.000003,1,0,0,0,0.376871,0.000000,0,13
0,-0.077759,0.155528,2.371803,3.616031,0.661003,3.499386,0.000005,0.000000,1,0,0,0,0.000000,0.000000,0,14
0,0.000000,0.000000,0.077759,0.155528,-2.294044,-3.460503,0.000000,0.000000,1,0,0,0,0.000000,0.000000,0,15
0,0.000000,0.000000,0.000000,0.000000,-0.077759,-0.155528,0.000000,0.000000,1,0,0,0,0.378216,0.000000,0,16
0,0.777626,1.049814,0.777626,1.049814,0.777626,1.049814,0.000015,0.000000,1,0,0,0,0.378986,0.000000,0,17
0,4.743614,3.616032,3.965988,2.566217,3.188362,1.516403,0.000004,0.000004,1,0,0,0,0.206926,0.000000,0,18
0,9.409439,4.082617,4.665825,0.466585,0.699837,-2.099632,0.000016,0.000005,1,0,0,0,0.112982,0.000000,0,19
0,10.809219,1.710810,1.399780,2.371807,-3.266045,1.905222,0.000010,0.000001,1,0,0,0,0.061688,0.000000,0,20
0,5.093552,0.194408,5.715668,1.516401,4.315887,-0.855406,0.000003,0.000002,1,0,0,0,0.144302,0.000000,0,21
0,3.071686,0.427704,2.021866,0.233295,-3.693802,-1.283106,0.000004,0.000002,1,0,0,0,0.251160,0.000000,0,22
0,9.526108,0.427702,6.454422,0.000002,4.432556,-0.233294,0.000006,0.000000,1,0,0,0,0.308796,0.000000,0,23
0,27.295197,-1.127579,17.769089,0.699877,11.314667,0.699875,0.000000,0.000000,1,0,0,0,0.000000,0.000000,0,24
0,0.000000,0.000000,27.295197,1.127579,9.526108,0.427702,0.000000,0.000000,1,0,0,0,0.198964,0.000000,0,25
0,26.167633,-2.527334,26.167633,2.527334,-1.127563,1.399755,0.000015,0.000003,1,0,0,0,0.132668,0.000000,0,26
0,11.897903,-3.266094,14.269730,0.738760,-11.897903,-1.788574,0.000003,0.000005,1,0,0,0,0.096895,0.000000,0,27
0,-0.155533,-0.038882,11.742371,3.227212,-2.527359,2.488452,0.000005,0.000000,1,0,0,0,0.083115,0.000000,0,28
0,-0.155533,-0.038882,11.742371,3.227212,-2.527359,2.488452,0.000005,0.000000,1,0,0,0,0.078376,0.000000,0,29
0,-10.614807,0.505467,10.459274,0.466585,-1.283096,-2.760627,0.000008,0.000001,1,0,0,0,0.077275,0.000000,0,30
0,-8.631836,-2.955037,1.982971,2.449570,-8.476303,1.982985,0.000022,0.000004,1,0,0,0,0.076529,0.000000,0,31
0,-2.177399,-7.737530,6.454437,4.782493,4.471466,2.332923,0.000004,0.000009,1,0,0,0,0.076168,0.000000,0,32
0,-2.916168,-3.577150,0.738770,4.160380,-5.715668,-0.622113,0.000015,0.000004,1,0,0,0,0.213862,0.000000,0,33
0,-3.343857,5.560135,0.427689,1.982985,-0.311081,-2.177395,0.000001,0.000007,1,0,0,0,0.200423,0.000000,0,34
0,-3.343857,5.560135,0.427689,1.982985,-0.311081,-2.177395,0.000001,0.000007,1,0,0,0,0.269176,0.000000,0,35
0,-3.343857,5.560135,0.427689,1.982985,-0.311081,-2.177395,0.000001,0.000007,1,0,0,0,0.317199,0.000000,0,36
0,-1.827454,2.332924,1.516403,3.227211,1.088715,1.244226,0.000003,0.000003,1,0,0,0,0.304176,0.000000,0,37
0,-1.827454,2.332924,1.516403,3.227211,1.088715,1.244226,0.000003,0.000003,1,0,0,0,0.323536,0.000000,0,38
0,-3.771515,3.266095,1.944061,0.933171,0.427658,-2.294041,0.000044,0.000005,1,0,0,0,0.338432,0.000000,0,39
0,-4.393646,-5.560137,0.972031,4.510321,-0.816528,4.432558,0.000025,0.000008,0,0,0,0,0.023090,0.000000,1,0
0,-2.838394,-5.365725,1.555252,0.194412,0.583221,-4.315908,0.000005,0.000006,0,0,0,0,0.021012,0.000000,0,1
0,-0.077759,-0.155527,2.760635,5.210197,1.205383,5.015785,0.000005,0.000001,0,0,0,0,0.019121,0.000000,0,2
0,-1.905212,1.049816,1.827454,0.894289,-0.933182,-4.315908,0.000008,0.000002,1,0,0,0,0.017400,0.000000,0,3
0,-0.311050,0.116646,1.594162,0.933170,-0.233292,0.038881,0.000006,0.000000,0,0,0,0,0.015834,0.000000,0,4
0,-0.505478,0.000000,0.194427,0.116646,-1.399734,-0.816525,0.000011,0.000000,0,0,0,0,0.008646,0.000000,0,5
0,-0.194397,0.000000,0.311081,0.000000,0.116653,-0.116646,0.000013,0.000000,0,0,0,0,0.007867,0.000000,0,6
0,-0.194397,0.000000,0.311081,0.000000,0.116653,-0.116646,0.000013,0.000000,0,0,0,0,0.007159,0.000000,0,7
0,-0.272156,0.388821,0.077759,0.388821,-0.233322,0.388821,0.000019,0.000000,0,0,0,0,0.005908,0.000000,0,8
0,0.038879,0.505463,0.233276,0.116642,0.155518,-0.272179,0.000003,0.000004,0,0,0,0,0.005376,0.000000,0,9
0,0.388809,-1.166460,0.349930,0.660997,0.116653,0.544355,0.000011,0.000000,0,0,0,0,0.004893,0.000000,0,10
0,0.505478,-3.965971,0.116669,2.799511,-0.233261,2.138514,0.000011,0.000005,0,0,0,0,0.004452,0.000000,1,0
0,-1.944092,-3.577150,1.438614,0.388821,1.321945,-2.410690,0.000011,0.000005,0,0,0,0,0.004052,0.000000,0,1
0,-1.633041,-0.738760,0.311050,2.838390,-1.127563,2.449570,0.000005,0.000002,0,0,0,0,0.003687,0.000000,0,2
0,-1.360870,1.788576,0.272171,1.049816,-0.038879,-1.788574,0.000001,0.000003,1,0,0,0,0.021996,0.000000,0,3
0,-2.993896,1.788574,1.633026,0.000002,1.360855,-1.049814,0.000021,0.000001,0,0,0,0,0.192463,0.000000,0,4
0,-0.660995,0.622114,2.332901,1.166460,0.699875,1.166458,0.000001,0.000002,0,0,0,0,0.124685,0.000000,0,5
0,-0.194397,0.622114,0.466599,0.000000,-1.866302,-1.166460,0.000013,0.000002,0,0,0,0,0.133063,0.000000,0,6
0,-0.155518,1.671928,0.038879,1.049814,-0.427719,1.049814,0.000011,0.000002,0,0,0,0,0.121087,0.000000,0,7
0,0.038879,1.516399,0.116638,0.155529,0.077759,-0.894285,0.000003,0.000001,0,0,0,0,0.110189,0.000000,0,8
0,0.699890,3.110565,0.661011,1.594166,0.544373,1.438637,0.000013,0.000004,0,0,0,0,0.100272,0.000000,0,9
0,0.311035,2.838390,0.388855,0.272175,-0.272156,-1.321991,0.000021,0.000003,0,0,0,0,0.091248,0.000000,0,10
0,0.427704,3.227211,0.116669,0.388821,-0.272186,0.116646,0.000001,0.000004,0,0,0,0,0.083035,0.000000,0,11
0,0.466583,2.449566,0.038879,0.777645,-0.077789,0.388824,0.000001,0.000001,0,0,0,0,0.075562,0.000000,0,12
0,1.283142,4.043732,0.816559,1.594166,0.777679,0.816521,0.000035,0.000002,0,0,0,0,0.068762,0.000000,0,13
0,0.155533,-0.116650,1.127609,3.927082,0.311050,2.332916,0.000005,0.000004,1,0,0,0,0.062573,0.000000,0,14
0,0.155533,-0.116650,1.127609,3.927082,0.311050,2.332916,0.000005,0.000004,1,0,0,0,0.056941,0.000000,0,15
0,0.155533,-0.116650,1.127609,3.927082,0.311050,2.332916,0.000005,0.000004,1,0,0,0,0.031090,0.000000,0,16
0,0.155533,-0.116650,1.127609,3.927082,0.311050,2.332916,0.000005,0.000004,1,0,0,0,0.016975,0.000000,0,17
0,0.622131,1.127583,0.466599,1.010933,-0.661011,-2.916149,0.000019,0.000004,1,0,0,0,0.009268,0.000000,0,18
0,0.544357,1.710812,0.077774,0.583229,-0.388824,-0.427704,0.000009,0.000003,1,0,0,0,0.005061,0.000000,0,19
0,2.605103,3.460503,2.060745,1.749691,1.982971,1.166462,0.000005,0.000003,1,0,0,0,0.005061,0.000000,0,20
0,2.138535,1.438637,0.466568,2.021866,-1.594177,0.272175,0.000022,0.000002,1,0,0,0,0.005061,0.000000,0,21
0,0.738754,0.272175,1.399780,1.166462,0.933212,-0.855404,0.000005,0.000001,1,0,0,0,0.172480,0.000000,0,22
0,0.466583,0.349937,0.272171,0.077763,-1.127609,-1.088699,0.000001,0.000001,1,0,0,0,0.266652,0.000000,0,23
0,2.255157,1.749695,1.788574,1.399757,1.516403,1.321995,0.000001,0.000004,1,0,0,0,0.318001,0.000000,0,24
0,2.916168,4.471439,0.661011,2.721745,-1.127563,1.321987,0.000015,0.000007,1,0,0,0,0.000000,0.000000,0,25
0,0.000000,0.000000,2.916168,4.471439,2.255157,1.749695,0.000000,0.000000,1,0,0,0,0.173629,0.000000,0,26
0,2.643997,4.043739,2.643997,4.043739,-0.272171,-0.427700,0.000018,0.000010,1,0,0,0,0.094801,0.000000,0,27
0,4.510315,2.721745,1.866318,1.321995,-0.777679,-2.721745,0.000003,0.000003,1,0,0,0,0.051762,0.000000,0,28
0,8.476288,1.827461,3.965973,0.894283,2.099655,-0.427711,0.000002,0.000006,1,0,0,0,0.028262,0.000000,0,29
0,13.181030,2.216270,4.704742,0.388809,0.738770,-0.505474,0.000016,0.000005,1,0,0,0,0.015431,0.000000,0,30
0,27.411865,0.777634,14.230835,1.438637,9.526093,1.049828,0.000022,0.000007,1,0,0,0,0.031185,0.000000,0,31
0,18.507874,-3.071693,8.903992,2.294060,-5.326843,0.855423,0.000019,0.000014,1,0,0,0,0.051481,0.000000,0,32
0,7.893051,-1.438637,10.614822,1.633057,1.710831,-0.661003,0.000004,0.000002,1,0,0,0,0.062390,0.000000,0,33
0,0.077759,0.000000,7.815292,1.438637,-2.799530,-0.194420,0.000005,0.000000,1,0,0,0,0.068512,0.000000,0,34
0,0.077759,0.000000,7.815292,1.438637,-2.799530,-0.194420,0.000005,0.000000,1,0,0,0,0.080347,0.000000,0,35
0,0.077759,0.000000,7.815292,1.438637,-2.799530,-0.194420,0.000005,0.000000,1,0,0,0,0.091459,0.000000,0,36
0,0.077759,0.000000,7.815292,1.438637,-2.799530,-0.194420,0.000005,0.000000,1,0,0,0,0.098435,0.000000,0,37
0,0.077759,0.000000,7.815292,1.438637,-2.799530,-0.194420,0.000005,0.000000,1,0,0,0,0.080565,0.000000,0,38
