is_cheating,delta_yaw,delta_pitch,accel_yaw,accel_pitch,jerk_yaw,jerk_pitch,gcd_error_yaw,gcd_error_pitch,is_on_ground,is_sprinting,is_sneaking,is_using_item,player_speed_horizontal,player_fall_distance,is_attacking,ticks_since_attack
0,8.825195,13.686497,3.889648,5.384861,-2.468750,1.271432,0.000977,0.000101,0,1,0,0,0.283255,0.000000,0,20
0,7.853516,4.711742,0.971680,8.974754,-2.917969,3.589893,0.003906,0.000032,0,0,0,0,0.273139,0.000000,0,21
0,2.468750,-2.019325,5.384766,2.692417,4.413086,-6.282337,0.000977,0.000021,0,0,0,0,0.248556,0.000000,0,22
0,0.000000,-0.448738,2.468750,1.570587,-2.916016,-1.121830,0.000000,0.000004,0,0,0,0,0.226186,0.000000,0,23
0,1.421875,-0.673107,1.421875,0.224369,-1.046875,-1.346218,0.001953,0.000006,0,0,0,0,0.205829,0.000000,0,24
0,8.525391,-4.337803,7.103516,3.664696,5.681641,3.440327,0.000000,0.000038,0,0,0,0,0.187305,0.000000,0,25
0,15.331055,-7.179813,6.805664,2.842010,-0.297852,-0.822685,0.002930,0.000065,0,0,0,0,0.170447,0.000000,0,26
0,23.033203,-9.273926,7.702148,2.094112,0.896484,-0.747898,0.002930,0.000084,0,0,0,0,0.155107,0.000000,0,27
0,17.351563,-8.675598,5.681641,0.598328,-2.020508,-1.495785,0.001953,0.000069,1,0,0,0,0.141147,0.000000,0,28
0,1.122070,-3.141163,16.229492,5.534435,10.547852,4.936108,0.002930,0.000023,1,0,0,0,0.128444,0.000000,0,29
0,1.122070,-3.141163,16.229492,5.534435,10.547852,4.936108,0.002930,0.000023,1,0,0,0,0.070131,0.000000,0,30
0,1.122070,-3.141163,16.229492,5.534435,10.547852,4.936108,0.002930,0.000023,1,0,0,0,0.038291,0.000000,0,31
0,1.122070,-3.141163,16.229492,5.534435,10.547852,4.936108,0.002930,0.000023,1,0,0,0,0.020907,0.000000,0,32
0,1.122070,-3.141163,16.229492,5.534435,10.547852,4.936108,0.002930,0.000023,1,0,0,0,0.011415,0.000000,0,33
0,1.122070,-3.141163,16.229492,5.534435,10.547852,4.936108,0.002930,0.000023,1,0,0,0,0.006233,0.000000,0,34
0,-0.149414,-0.598317,0.972656,2.542846,-15.256836,-2.991590,0.000000,0.000005,1,0,0,0,0.006233,0.000000,0,35
0,-2.020508,-0.074789,1.871094,0.523528,0.898438,-2.019318,0.000977,0.000000,1,0,0,0,0.006233,0.000000,0,36
0,-1.272461,0.747897,0.748047,0.673108,-1.123047,0.149580,0.001953,0.000007,1,0,0,0,0.006233,0.000000,0,37
0,0.225586,-0.523529,1.046875,0.224368,0.298828,-0.448740,0.002930,0.000006,1,0,0,0,0.006233,0.000000,0,38
0,0.000000,-0.598319,0.225586,0.074790,-0.821289,-0.149578,0.000000,0.000007,1,0,0,0,0.006233,0.000000,0,39
0,-0.150391,-0.074790,0.000000,0.074790,-2.917969,-1.196634,0.000000,0.000000,1,0,0,0,0.272979,0.000000,1,0
0,0.374023,0.149579,0.223633,0.074790,0.223633,0.000000,0.001953,0.000001,1,0,0,0,0.089425,0.000000,0,1
0,0.225586,0.224369,0.148438,0.074790,-0.075195,0.000000,0.000000,0.000001,1,0,0,0,0.048826,0.000000,0,2
0,0.225586,0.224369,0.148438,0.074790,-0.075195,0.000000,0.000000,0.000001,1,0,0,0,0.026659,0.000000,0,3
0,0.225586,0.224369,0.148438,0.074790,-0.075195,0.000000,0.000000,0.000001,1,0,0,0,0.083444,0.000000,0,4
0,0.225586,0.224369,0.148438,0.074790,-0.075195,0.000000,0.000000,0.000001,1,0,0,0,0.143559,0.000000,0,5
0,0.225586,0.224369,0.148438,0.074790,-0.075195,0.000000,0.000000,0.000001,1,0,0,0,0.176382,0.000000,0,6
0,0.225586,0.224369,0.148438,0.074790,-0.075195,0.000000,0.000000,0.000001,1,0,0,0,0.194303,0.000000,0,7
0,0.225586,0.224369,0.148438,0.074790,-0.075195,0.000000,0.000000,0.000001,1,0,0,0,0.204088,0.000000,0,8
0,0.225586,0.224369,0.148438,0.074790,-0.075195,0.000000,0.000000,0.000001,1,0,0,0,0.209431,0.000000,0,9
0,0.225586,0.224369,0.148438,0.074790,-0.075195,0.000000,0.000000,0.000001,1,0,0,0,0.114349,0.000000,0,10
0,0.225586,0.224369,0.148438,0.074790,-0.075195,0.000000,0.000000,0.000001,1,0,0,0,0.062435,0.000000,0,11
0,0.225586,0.224369,0.148438,0.074790,-0.075195,0.000000,0.000000,0.000001,1,0,0,0,0.034089,0.000000,0,12
0,0.225586,0.224369,0.148438,0.074790,-0.075195,0.000000,0.000000,0.000001,1,0,0,0,0.018613,0.000000,0,13
0,0.225586,0.224369,0.148438,0.074790,-0.075195,0.000000,0.000000,0.000001,1,0,0,0,0.010163,0.000000,0,14
0,0.225586,0.224369,0.148438,0.074790,-0.075195,0.000000,0.000000,0.000001,1,0,0,0,0.005549,0.000000,0,15
0,0.225586,0.224369,0.148438,0.074790,-0.075195,0.000000,0.000000,0.000001,1,1,0,0,0.003030,0.000000,0,16
0,0.225586,0.224369,0.148438,0.074790,-0.075195,0.000000,0.000000,0.000001,1,1,0,0,0.127400,0.000000,0,17
0,0.225586,0.224369,0.148438,0.074790,-0.075195,0.000000,0.000000,0.000001,1,1,0,0,0.196959,0.000000,0,18
0,0.225586,0.224369,0.148438,0.074790,-0.075195,0.000000,0.000000,0.000001,0,1,0,0,0.434937,0.000000,0,19
0,-0.075195,0.149579,0.150391,0.074790,0.001953,0.000000,0.000000,0.000001,0,1,0,0,0.262953,0.000000,0,20
0,-0.375977,0.747896,0.300781,0.598317,0.150391,0.523528,0.000000,0.000006,0,0,0,0,0.264765,0.000000,0,21
0,-0.225586,1.869740,0.150391,1.121843,-0.150391,0.523526,0.000000,0.000013,0,0,0,0,0.240936,0.000000,0,22
0,0.525391,3.440323,0.299805,1.570583,0.149414,0.448740,0.000977,0.000027,0,0,0,0,0.219252,0.000000,0,23
0,0.674805,2.617638,0.149414,0.822685,-0.150391,-0.747898,0.001953,0.000021,0,0,0,0,0.199519,0.000000,0,24
0,0.000000,3.515116,0.674805,0.897478,0.525391,0.074793,0.000000,0.000031,0,0,0,0,0.181563,0.000000,0,25
0,0.000000,3.963852,0.000000,0.448736,-0.674805,-0.448742,0.000000,0.000032,0,0,0,0,0.165222,0.000000,0,26
0,0.075195,2.243689,0.075195,1.720163,0.075195,1.271427,0.000000,0.000017,0,0,0,0,0.150352,0.000000,1,0
0,-0.075195,1.271425,0.000000,0.972263,-0.075195,-0.747900,0.000000,0.000011,0,0,0,0,0.136820,0.000000,0,1
0,-0.225586,0.747896,0.150391,0.523529,0.150391,-0.448734,0.000000,0.000006,0,0,0,0,0.124506,0.000000,0,2
0,-0.225586,0.747896,0.150391,0.523529,0.150391,-0.448734,0.000000,0.000006,1,0,0,0,0.113301,0.000000,0,3
0,-0.300781,-0.373945,0.075195,0.373951,-0.075195,-0.149578,0.000000,0.000000,1,0,0,0,0.103104,0.000000,0,4
0,-0.375000,-0.224367,0.074219,0.149578,-0.000977,-0.224373,0.000977,0.000000,1,0,0,0,0.056295,0.000000,0,5
0,-0.451172,-0.224367,0.076172,0.000000,0.001953,-0.149578,0.000000,0.000000,1,0,0,0,0.030737,0.000000,0,6
0,-0.075195,-0.224367,0.375977,0.000000,0.299805,0.000000,0.000000,0.000000,1,0,0,0,0.099072,0.000000,0,7
0,-0.075195,-0.373945,0.000000,0.149578,-0.375977,0.149578,0.000000,0.000000,1,0,0,0,0.151581,0.000000,0,8
0,0.000000,-0.373945,0.075195,0.000000,0.075195,-0.149578,0.000000,0.000000,1,0,0,0,0.180680,0.000000,0,9
0,0.000000,-0.373945,0.000000,0.000000,-0.075195,0.000000,0.000000,0.000000,1,0,0,0,0.182654,0.000000,0,10
0,0.000000,-0.299156,0.000000,0.074789,0.000000,0.074789,0.000000,0.000000,1,0,0,0,0.195725,0.000000,0,11
0,0.750000,-0.373945,0.750000,0.074789,0.750000,0.000000,0.001953,0.000000,1,0,0,0,0.205961,0.000000,0,12
0,2.694336,-0.149578,1.944336,0.224367,1.194336,0.149578,0.012695,0.000000,1,0,0,0,0.212389,0.000000,0,13
0,3.891602,-0.224367,1.197266,0.074789,-0.747070,-0.149578,0.018555,0.000000,1,0,0,0,0.215918,0.000000,0,14
0,2.541016,-0.598314,1.350586,0.373947,0.153320,0.299158,0.015625,0.000002,1,0,0,0,0.217771,0.000000,0,15
0,1.272461,-0.747892,1.268555,0.149578,-0.082031,-0.224369,0.005859,0.000002,1,0,0,0,0.218811,0.000000,0,16
0,1.644531,-0.972267,0.372070,0.224375,-0.896484,0.074797,0.009766,0.000010,1,0,0,0,0.219371,0.000000,0,17
0,5.085938,-0.747894,3.441406,0.224373,3.069336,-0.000002,0.027344,0.000004,1,0,0,0,0.219374,0.000000,0,18
0,21.540039,-3.290745,16.454102,2.542850,13.012695,2.318478,0.034180,0.000027,1,0,0,0,0.178467,0.000000,0,19
0,33.130859,-6.282329,11.590820,2.991584,-4.863281,0.448733,0.030273,0.000049,1,0,0,0,0.097425,0.000000,0,20
0,10.022461,-1.720161,23.108398,4.562167,11.517578,1.570583,0.021484,0.000013,1,0,0,0,0.053194,0.000000,0,21
0,-0.298828,0.000000,9.723633,1.720161,-13.384766,-2.842006,0.001953,0.000000,1,0,0,0,0.029044,0.000000,0,22
0,-0.298828,0.000000,9.723633,1.720161,-13.384766,-2.842006,0.001953,0.000000,1,0,0,0,0.015858,0.000000,0,23
0,-0.298828,0.000000,9.723633,1.720161,-13.384766,-2.842006,0.001953,0.000000,1,0,0,0,0.008659,0.000000,0,24
0,-0.298828,0.000000,9.723633,1.720161,-13.384766,-2.842006,0.001953,0.000000,1,0,0,0,0.004728,0.000000,0,25
0,-0.225586,-0.598317,0.073242,0.598317,-9.650391,-1.121844,0.000000,0.000005,1,0,0,0,0.004728,0.000000,0,26
0,0.000000,-0.074790,0.225586,0.523527,0.152344,-0.074790,0.000000,0.000001,1,0,0,0,0.004728,0.000000,0,27
0,0.000000,-0.074790,0.000000,0.000000,-0.225586,-0.523527,0.000000,0.000001,1,0,0,0,0.004728,0.000000,0,28
